; FBX 7.7.0 project file
; ----------------------------------------------------

FBXHeaderExtension:  {
	FBXHeaderVersion: 1004
	FBXVersion: 7700
	CreationTimeStamp:  {
		Version: 1000
		Year: 2021
		Month: 5
		Day: 12
		Hour: 12
		Minute: 10
		Second: 16
		Millisecond: 950
	}
	Creator: "FBX SDK/FBX Plugins version 2020.2"
	OtherFlags:  {
		TCDefinition: 127
	}
	SceneInfo: "SceneInfo::GlobalInfo", "UserData" {
		Type: "UserData"
		Version: 100
		MetaData:  {
			Version: 100
			Title: ""
			Subject: ""
			Author: ""
			Keywords: ""
			Revision: ""
			Comment: ""
		}
		Properties70:  {
			P: "DocumentUrl", "KString", "Url", "", "D:\GIT\RND\TrixPrototype\Assets\Animations\HitReactons\Forward\trix_hit_forward_Diag_head_short.fbx"
			P: "SrcDocumentUrl", "KString", "Url", "", "D:\GIT\RND\TrixPrototype\Assets\Animations\HitReactons\Forward\trix_hit_forward_Diag_head_short.fbx"
			P: "Original", "Compound", "", ""
			P: "Original|ApplicationVendor", "KString", "", "", ""
			P: "Original|ApplicationName", "KString", "", "", ""
			P: "Original|ApplicationVersion", "KString", "", "", ""
			P: "Original|DateTime_GMT", "DateTime", "", "", ""
			P: "Original|FileName", "KString", "", "", ""
			P: "LastSaved", "Compound", "", ""
			P: "LastSaved|ApplicationVendor", "KString", "", "", ""
			P: "LastSaved|ApplicationName", "KString", "", "", ""
			P: "LastSaved|ApplicationVersion", "KString", "", "", ""
			P: "LastSaved|DateTime_GMT", "DateTime", "", "", ""
		}
	}
}
GlobalSettings:  {
	Version: 1000
	Properties70:  {
		P: "UpAxis", "int", "Integer", "",1
		P: "UpAxisSign", "int", "Integer", "",1
		P: "FrontAxis", "int", "Integer", "",2
		P: "FrontAxisSign", "int", "Integer", "",1
		P: "CoordAxis", "int", "Integer", "",0
		P: "CoordAxisSign", "int", "Integer", "",1
		P: "OriginalUpAxis", "int", "Integer", "",-1
		P: "OriginalUpAxisSign", "int", "Integer", "",1
		P: "UnitScaleFactor", "double", "Number", "",1
		P: "OriginalUnitScaleFactor", "double", "Number", "",1
		P: "AmbientColor", "ColorRGB", "Color", "",0,0,0
		P: "DefaultCamera", "KString", "", "", "Producer Perspective"
		P: "TimeMode", "enum", "", "",0
		P: "TimeProtocol", "enum", "", "",2
		P: "SnapOnFrameMode", "enum", "", "",0
		P: "TimeSpanStart", "KTime", "Time", "",0
		P: "TimeSpanStop", "KTime", "Time", "",46186158000
		P: "CustomFrameRate", "double", "Number", "",-1
		P: "TimeMarker", "Compound", "", ""
		P: "CurrentTimeMarker", "int", "Integer", "",-1
	}
}

; Documents Description
;------------------------------------------------------------------

Documents:  {
	Count: 1
	Document: 1987427477248, "myScene", "Scene" {
		Properties70:  {
			P: "SourceObject", "object", "", ""
			P: "ActiveAnimStackName", "KString", "", "", ""
		}
		RootNode: 0
	}
}

; Document References
;------------------------------------------------------------------

References:  {
}

; Object definitions
;------------------------------------------------------------------

Definitions:  {
	Version: 100
	Count: 340
	ObjectType: "GlobalSettings" {
		Count: 1
	}
	ObjectType: "NodeAttribute" {
		Count: 24
		PropertyTemplate: "FbxSkeleton" {
			Properties70:  {
				P: "Color", "ColorRGB", "Color", "",0.8,0.8,0.8
				P: "Size", "double", "Number", "",100
				P: "LimbLength", "double", "Number", "H",1
			}
		}
	}
	ObjectType: "Model" {
		Count: 24
		PropertyTemplate: "FbxNode" {
			Properties70:  {
				P: "QuaternionInterpolate", "enum", "", "",0
				P: "RotationOffset", "Vector3D", "Vector", "",0,0,0
				P: "RotationPivot", "Vector3D", "Vector", "",0,0,0
				P: "ScalingOffset", "Vector3D", "Vector", "",0,0,0
				P: "ScalingPivot", "Vector3D", "Vector", "",0,0,0
				P: "TranslationActive", "bool", "", "",0
				P: "TranslationMin", "Vector3D", "Vector", "",0,0,0
				P: "TranslationMax", "Vector3D", "Vector", "",0,0,0
				P: "TranslationMinX", "bool", "", "",0
				P: "TranslationMinY", "bool", "", "",0
				P: "TranslationMinZ", "bool", "", "",0
				P: "TranslationMaxX", "bool", "", "",0
				P: "TranslationMaxY", "bool", "", "",0
				P: "TranslationMaxZ", "bool", "", "",0
				P: "RotationOrder", "enum", "", "",0
				P: "RotationSpaceForLimitOnly", "bool", "", "",0
				P: "RotationStiffnessX", "double", "Number", "",0
				P: "RotationStiffnessY", "double", "Number", "",0
				P: "RotationStiffnessZ", "double", "Number", "",0
				P: "AxisLen", "double", "Number", "",10
				P: "PreRotation", "Vector3D", "Vector", "",0,0,0
				P: "PostRotation", "Vector3D", "Vector", "",0,0,0
				P: "RotationActive", "bool", "", "",0
				P: "RotationMin", "Vector3D", "Vector", "",0,0,0
				P: "RotationMax", "Vector3D", "Vector", "",0,0,0
				P: "RotationMinX", "bool", "", "",0
				P: "RotationMinY", "bool", "", "",0
				P: "RotationMinZ", "bool", "", "",0
				P: "RotationMaxX", "bool", "", "",0
				P: "RotationMaxY", "bool", "", "",0
				P: "RotationMaxZ", "bool", "", "",0
				P: "InheritType", "enum", "", "",0
				P: "ScalingActive", "bool", "", "",0
				P: "ScalingMin", "Vector3D", "Vector", "",0,0,0
				P: "ScalingMax", "Vector3D", "Vector", "",1,1,1
				P: "ScalingMinX", "bool", "", "",0
				P: "ScalingMinY", "bool", "", "",0
				P: "ScalingMinZ", "bool", "", "",0
				P: "ScalingMaxX", "bool", "", "",0
				P: "ScalingMaxY", "bool", "", "",0
				P: "ScalingMaxZ", "bool", "", "",0
				P: "GeometricTranslation", "Vector3D", "Vector", "",0,0,0
				P: "GeometricRotation", "Vector3D", "Vector", "",0,0,0
				P: "GeometricScaling", "Vector3D", "Vector", "",1,1,1
				P: "MinDampRangeX", "double", "Number", "",0
				P: "MinDampRangeY", "double", "Number", "",0
				P: "MinDampRangeZ", "double", "Number", "",0
				P: "MaxDampRangeX", "double", "Number", "",0
				P: "MaxDampRangeY", "double", "Number", "",0
				P: "MaxDampRangeZ", "double", "Number", "",0
				P: "MinDampStrengthX", "double", "Number", "",0
				P: "MinDampStrengthY", "double", "Number", "",0
				P: "MinDampStrengthZ", "double", "Number", "",0
				P: "MaxDampStrengthX", "double", "Number", "",0
				P: "MaxDampStrengthY", "double", "Number", "",0
				P: "MaxDampStrengthZ", "double", "Number", "",0
				P: "PreferedAngleX", "double", "Number", "",0
				P: "PreferedAngleY", "double", "Number", "",0
				P: "PreferedAngleZ", "double", "Number", "",0
				P: "LookAtProperty", "object", "", ""
				P: "UpVectorProperty", "object", "", ""
				P: "Show", "bool", "", "",1
				P: "NegativePercentShapeSupport", "bool", "", "",1
				P: "DefaultAttributeIndex", "int", "Integer", "",-1
				P: "Freeze", "bool", "", "",0
				P: "LODBox", "bool", "", "",0
				P: "Lcl Translation", "Lcl Translation", "", "A",0,0,0
				P: "Lcl Rotation", "Lcl Rotation", "", "A",0,0,0
				P: "Lcl Scaling", "Lcl Scaling", "", "A",1,1,1
				P: "Visibility", "Visibility", "", "A",1
				P: "Visibility Inheritance", "Visibility Inheritance", "", "",1
			}
		}
	}
	ObjectType: "Pose" {
		Count: 1
	}
	ObjectType: "AnimationStack" {
		Count: 1
		PropertyTemplate: "FbxAnimStack" {
			Properties70:  {
				P: "Description", "KString", "", "", ""
				P: "LocalStart", "KTime", "Time", "",0
				P: "LocalStop", "KTime", "Time", "",0
				P: "ReferenceStart", "KTime", "Time", "",0
				P: "ReferenceStop", "KTime", "Time", "",0
			}
		}
	}
	ObjectType: "AnimationLayer" {
		Count: 1
		PropertyTemplate: "FbxAnimLayer" {
			Properties70:  {
				P: "Weight", "Number", "", "A",100
				P: "Mute", "bool", "", "",0
				P: "Solo", "bool", "", "",0
				P: "Lock", "bool", "", "",0
				P: "Color", "ColorRGB", "Color", "",0.8,0.8,0.8
				P: "BlendMode", "enum", "", "",0
				P: "RotationAccumulationMode", "enum", "", "",0
				P: "ScaleAccumulationMode", "enum", "", "",0
				P: "BlendModeBypass", "ULongLong", "", "",0
			}
		}
	}
	ObjectType: "AnimationCurveNode" {
		Count: 72
		PropertyTemplate: "FbxAnimCurveNode" {
			Properties70:  {
				P: "d", "Compound", "", ""
			}
		}
	}
	ObjectType: "AnimationCurve" {
		Count: 216
	}
}

; Object properties
;------------------------------------------------------------------

Objects:  {
	NodeAttribute: 1987428194640, "NodeAttribute::Head", "LimbNode" {
		TypeFlags: "Skeleton"
	}
	NodeAttribute: 1987428167952, "NodeAttribute::Neck", "LimbNode" {
		TypeFlags: "Skeleton"
	}
	NodeAttribute: 1987428234000, "NodeAttribute::RightHand", "LimbNode" {
		TypeFlags: "Skeleton"
	}
	NodeAttribute: 1987428234192, "NodeAttribute::RightForeArm", "LimbNode" {
		TypeFlags: "Skeleton"
	}
	NodeAttribute: 1987428234384, "NodeAttribute::RightArm", "LimbNode" {
		TypeFlags: "Skeleton"
	}
	NodeAttribute: 1987428234576, "NodeAttribute::RightShoulder", "LimbNode" {
		TypeFlags: "Skeleton"
	}
	NodeAttribute: 1987428235344, "NodeAttribute::LeftHand", "LimbNode" {
		TypeFlags: "Skeleton"
	}
	NodeAttribute: 1987428235536, "NodeAttribute::LeftForeArm", "LimbNode" {
		TypeFlags: "Skeleton"
	}
	NodeAttribute: 1987428235728, "NodeAttribute::LeftArm", "LimbNode" {
		TypeFlags: "Skeleton"
	}
	NodeAttribute: 1987428235920, "NodeAttribute::LeftShoulder", "LimbNode" {
		TypeFlags: "Skeleton"
	}
	NodeAttribute: 1987428111360, "NodeAttribute::Spine3", "LimbNode" {
		TypeFlags: "Skeleton"
	}
	NodeAttribute: 1987428236656, "NodeAttribute::Spine2", "LimbNode" {
		TypeFlags: "Skeleton"
	}
	NodeAttribute: 1987428236848, "NodeAttribute::Spine1", "LimbNode" {
		TypeFlags: "Skeleton"
	}
	NodeAttribute: 1987428183216, "NodeAttribute::Spine", "LimbNode" {
		TypeFlags: "Skeleton"
	}
	NodeAttribute: 1987428181872, "NodeAttribute::LeftToeBase", "LimbNode" {
		TypeFlags: "Skeleton"
	}
	NodeAttribute: 1987428180912, "NodeAttribute::LeftFoot", "LimbNode" {
		TypeFlags: "Skeleton"
	}
	NodeAttribute: 1987428183600, "NodeAttribute::LeftLeg", "LimbNode" {
		TypeFlags: "Skeleton"
	}
	NodeAttribute: 1987428181296, "NodeAttribute::LeftUpLeg", "LimbNode" {
		TypeFlags: "Skeleton"
	}
	NodeAttribute: 1987428181104, "NodeAttribute::RightToeBase", "LimbNode" {
		TypeFlags: "Skeleton"
	}
	NodeAttribute: 1987428180528, "NodeAttribute::RightFoot", "LimbNode" {
		TypeFlags: "Skeleton"
	}
	NodeAttribute: 1987428182448, "NodeAttribute::RightLeg", "LimbNode" {
		TypeFlags: "Skeleton"
	}
	NodeAttribute: 1987428183408, "NodeAttribute::RightUpLeg", "LimbNode" {
		TypeFlags: "Skeleton"
	}
	NodeAttribute: 1987428181488, "NodeAttribute::Hips", "LimbNode" {
		TypeFlags: "Skeleton"
	}
	NodeAttribute: 1987428183792, "NodeAttribute::Reference", "Root" {
		TypeFlags: "Null", "Skeleton", "Root"
	}
	Model: 1987428134704, "Model::Head", "LimbNode" {
		Version: 232
		Properties70:  {
			P: "RotationActive", "bool", "", "",1
			P: "InheritType", "enum", "", "",1
			P: "ScalingMax", "Vector3D", "Vector", "",0,0,0
			P: "DefaultAttributeIndex", "int", "Integer", "",0
			P: "Lcl Translation", "Lcl Translation", "", "A+",-3.814697265625e-06,10.2325744628906,-0.0322723388671875
			P: "Lcl Rotation", "Lcl Rotation", "", "A+",-13.2898283004761,-3.30610346794128,1.69488918781281
		}
		Shading: Y
		Culling: "CullingOff"
	}
	Model: 1987428149344, "Model::Neck", "LimbNode" {
		Version: 232
		Properties70:  {
			P: "RotationActive", "bool", "", "",1
			P: "InheritType", "enum", "", "",1
			P: "ScalingMax", "Vector3D", "Vector", "",0,0,0
			P: "DefaultAttributeIndex", "int", "Integer", "",0
			P: "Lcl Translation", "Lcl Translation", "", "A+",1.52587890625e-05,12.8731536865234,-2.288818359375e-05
			P: "Lcl Rotation", "Lcl Rotation", "", "A+",12.2623043060303,-1.93778491020203,0.496185779571533
		}
		Shading: Y
		Culling: "CullingOff"
	}
	Model: 1987428151328, "Model::RightHand", "LimbNode" {
		Version: 232
		Properties70:  {
			P: "RotationActive", "bool", "", "",1
			P: "InheritType", "enum", "", "",1
			P: "ScalingMax", "Vector3D", "Vector", "",0,0,0
			P: "DefaultAttributeIndex", "int", "Integer", "",0
			P: "Lcl Translation", "Lcl Translation", "", "A+",-24.3004608154297,-7.62939453125e-06,0.00499725341796875
			P: "Lcl Rotation", "Lcl Rotation", "", "A+",5.33712768554688,-2.81541442871094,-7.60699462890625
		}
		Shading: Y
		Culling: "CullingOff"
	}
	Model: 1987428136688, "Model::RightForeArm", "LimbNode" {
		Version: 232
		Properties70:  {
			P: "RotationActive", "bool", "", "",1
			P: "InheritType", "enum", "", "",1
			P: "ScalingMax", "Vector3D", "Vector", "",0,0,0
			P: "DefaultAttributeIndex", "int", "Integer", "",0
			P: "Lcl Translation", "Lcl Translation", "", "A+",-29.5696105957031,-1.71661376953125e-05,0.00012969970703125
			P: "Lcl Rotation", "Lcl Rotation", "", "A+",12.0937147140503,3.8966703414917,7.80389833450317
		}
		Shading: Y
		Culling: "CullingOff"
	}
	Model: 1987428138672, "Model::RightArm", "LimbNode" {
		Version: 232
		Properties70:  {
			P: "RotationActive", "bool", "", "",1
			P: "InheritType", "enum", "", "",1
			P: "ScalingMax", "Vector3D", "Vector", "",0,0,0
			P: "DefaultAttributeIndex", "int", "Integer", "",0
			P: "Lcl Translation", "Lcl Translation", "", "A+",-14.5453224182129,7.62939453125e-05,0
			P: "Lcl Rotation", "Lcl Rotation", "", "A+",-0.66707968711853,5.58391237258911,73.0581970214844
		}
		Shading: Y
		Culling: "CullingOff"
	}
	Model: 1987428140656, "Model::RightShoulder", "LimbNode" {
		Version: 232
		Properties70:  {
			P: "RotationActive", "bool", "", "",1
			P: "InheritType", "enum", "", "",1
			P: "ScalingMax", "Vector3D", "Vector", "",0,0,0
			P: "DefaultAttributeIndex", "int", "Integer", "",0
			P: "Lcl Translation", "Lcl Translation", "", "A+",-2.94171524047852,7.24417114257813,-3.814697265625e-06
			P: "Lcl Rotation", "Lcl Rotation", "", "A+",-1.02947807312012,0.994561553001404,8.86647033691406
		}
		Shading: Y
		Culling: "CullingOff"
	}
	Model: 1987428143696, "Model::LeftHand", "LimbNode" {
		Version: 232
		Properties70:  {
			P: "RotationActive", "bool", "", "",1
			P: "InheritType", "enum", "", "",1
			P: "ScalingMax", "Vector3D", "Vector", "",0,0,0
			P: "DefaultAttributeIndex", "int", "Integer", "",0
			P: "Lcl Translation", "Lcl Translation", "", "A+",24.3004837036133,8.392333984375e-05,0.00501251220703125
			P: "Lcl Rotation", "Lcl Rotation", "", "A+",8.95043754577637,1.0344203710556,11.5788593292236
		}
		Shading: Y
		Culling: "CullingOff"
	}
	Model: 1987428290336, "Model::LeftForeArm", "LimbNode" {
		Version: 232
		Properties70:  {
			P: "RotationActive", "bool", "", "",1
			P: "InheritType", "enum", "", "",1
			P: "ScalingMax", "Vector3D", "Vector", "",0,0,0
			P: "DefaultAttributeIndex", "int", "Integer", "",0
			P: "Lcl Translation", "Lcl Translation", "", "A+",29.5695953369141,0,0.000139236450195313
			P: "Lcl Rotation", "Lcl Rotation", "", "A+",21.3008270263672,-1.58175659179688,-0.28546142578125
		}
		Shading: Y
		Culling: "CullingOff"
	}
	Model: 1987428306400, "Model::LeftArm", "LimbNode" {
		Version: 232
		Properties70:  {
			P: "RotationActive", "bool", "", "",1
			P: "InheritType", "enum", "", "",1
			P: "ScalingMax", "Vector3D", "Vector", "",0,0,0
			P: "DefaultAttributeIndex", "int", "Integer", "",0
			P: "Lcl Translation", "Lcl Translation", "", "A+",14.545337677002,7.62939453125e-05,1.1444091796875e-05
			P: "Lcl Rotation", "Lcl Rotation", "", "A+",1.42655944824219,-11.4950866699219,-72.623161315918
		}
		Shading: Y
		Culling: "CullingOff"
	}
	Model: 1987428300400, "Model::LeftShoulder", "LimbNode" {
		Version: 232
		Properties70:  {
			P: "RotationActive", "bool", "", "",1
			P: "InheritType", "enum", "", "",1
			P: "ScalingMax", "Vector3D", "Vector", "",0,0,0
			P: "DefaultAttributeIndex", "int", "Integer", "",0
			P: "Lcl Translation", "Lcl Translation", "", "A+",2.94173812866211,7.24412536621094,-1.1444091796875e-05
			P: "Lcl Rotation", "Lcl Rotation", "", "A+",2.50387573242188,-8.03897094726563,-5.27757263183594
		}
		Shading: Y
		Culling: "CullingOff"
	}
	Model: 1987428298400, "Model::Spine3", "LimbNode" {
		Version: 232
		Properties70:  {
			P: "RotationActive", "bool", "", "",1
			P: "InheritType", "enum", "", "",1
			P: "ScalingMax", "Vector3D", "Vector", "",0,0,0
			P: "DefaultAttributeIndex", "int", "Integer", "",0
			P: "Lcl Translation", "Lcl Translation", "", "A+",0,9.18385314941406,-0.0471820831298828
			P: "Lcl Rotation", "Lcl Rotation", "", "A+",5.16044616699219,0.340087890625,-0.34466552734375
		}
		Shading: Y
		Culling: "CullingOff"
	}
	Model: 1987428292400, "Model::Spine2", "LimbNode" {
		Version: 232
		Properties70:  {
			P: "RotationActive", "bool", "", "",1
			P: "InheritType", "enum", "", "",1
			P: "ScalingMax", "Vector3D", "Vector", "",0,0,0
			P: "DefaultAttributeIndex", "int", "Integer", "",0
			P: "Lcl Translation", "Lcl Translation", "", "A+",-1.52587890625e-05,9.19408416748047,-0.0471324920654297
			P: "Lcl Rotation", "Lcl Rotation", "", "A+",-0.902114868164063,0.452484130859375,-0.460479736328125
		}
		Shading: Y
		Culling: "CullingOff"
	}
	Model: 1987428294400, "Model::Spine1", "LimbNode" {
		Version: 232
		Properties70:  {
			P: "RotationActive", "bool", "", "",1
			P: "InheritType", "enum", "", "",1
			P: "ScalingMax", "Vector3D", "Vector", "",0,0,0
			P: "DefaultAttributeIndex", "int", "Integer", "",0
			P: "Lcl Translation", "Lcl Translation", "", "A+",0,10.0627746582031,3.814697265625e-06
			P: "Lcl Rotation", "Lcl Rotation", "", "A+",-6.72248840332031,0.40338134765625,-0.5040283203125
		}
		Shading: Y
		Culling: "CullingOff"
	}
	Model: 1987428302400, "Model::Spine", "LimbNode" {
		Version: 232
		Properties70:  {
			P: "RotationActive", "bool", "", "",1
			P: "InheritType", "enum", "", "",1
			P: "ScalingMax", "Vector3D", "Vector", "",0,0,0
			P: "DefaultAttributeIndex", "int", "Integer", "",0
			P: "Lcl Translation", "Lcl Translation", "", "A+",0,9.13330554962158,-1.01481211185455
			P: "Lcl Rotation", "Lcl Rotation", "", "A+",-2.02137756347656,0.896392822265625,-1.14289855957031
		}
		Shading: Y
		Culling: "CullingOff"
	}
	Model: 1987428296400, "Model::LeftToeBase", "LimbNode" {
		Version: 232
		Properties70:  {
			P: "RotationActive", "bool", "", "",1
			P: "InheritType", "enum", "", "",1
			P: "ScalingMax", "Vector3D", "Vector", "",0,0,0
			P: "DefaultAttributeIndex", "int", "Integer", "",0
			P: "Lcl Translation", "Lcl Translation", "", "A+",-1.52587890625e-05,-8.40085792541504,18.0036220550537
			P: "Lcl Rotation", "Lcl Rotation", "", "A+",5.00895657751244e-06,5.00895521327038e-06,5.00895748700714e-06
		}
		Shading: Y
		Culling: "CullingOff"
	}
	Model: 1987428304400, "Model::LeftFoot", "LimbNode" {
		Version: 232
		Properties70:  {
			P: "RotationActive", "bool", "", "",1
			P: "InheritType", "enum", "", "",1
			P: "ScalingMax", "Vector3D", "Vector", "",0,0,0
			P: "DefaultAttributeIndex", "int", "Integer", "",0
			P: "Lcl Translation", "Lcl Translation", "", "A+",7.62939453125e-05,-44.3201599121094,0.035888671875
			P: "Lcl Rotation", "Lcl Rotation", "", "A+",-3.7393798828125,1.10682678222656,-1.78598022460938
		}
		Shading: Y
		Culling: "CullingOff"
	}
	Model: 1987428345456, "Model::LeftLeg", "LimbNode" {
		Version: 232
		Properties70:  {
			P: "RotationActive", "bool", "", "",1
			P: "InheritType", "enum", "", "",1
			P: "ScalingMax", "Vector3D", "Vector", "",0,0,0
			P: "DefaultAttributeIndex", "int", "Integer", "",0
			P: "Lcl Translation", "Lcl Translation", "", "A+",0,-43.0780906677246,-0.00412750244140625
			P: "Lcl Rotation", "Lcl Rotation", "", "A+",-4.44258117675781,2.93576049804688,-0.837615966796875
		}
		Shading: Y
		Culling: "CullingOff"
	}
	Model: 1987428361456, "Model::LeftUpLeg", "LimbNode" {
		Version: 232
		Properties70:  {
			P: "RotationActive", "bool", "", "",1
			P: "InheritType", "enum", "", "",1
			P: "ScalingMax", "Vector3D", "Vector", "",0,0,0
			P: "DefaultAttributeIndex", "int", "Integer", "",0
			P: "Lcl Translation", "Lcl Translation", "", "A+",7.69894504547119,0.114144496619701,-0.0126827219501138
			P: "Lcl Rotation", "Lcl Rotation", "", "A+",0.605815827846527,-3.17448258399963,0.844684779644012
		}
		Shading: Y
		Culling: "CullingOff"
	}
	Model: 1987428339456, "Model::RightToeBase", "LimbNode" {
		Version: 232
		Properties70:  {
			P: "RotationActive", "bool", "", "",1
			P: "InheritType", "enum", "", "",1
			P: "ScalingMax", "Vector3D", "Vector", "",0,0,0
			P: "DefaultAttributeIndex", "int", "Integer", "",0
			P: "Lcl Translation", "Lcl Translation", "", "A+",0,-8.40087413787842,18.0036125183105
			P: "Lcl Rotation", "Lcl Rotation", "", "A+",-1.11533039181304e-34,-3.87630122871709e-16,6.70898203049832e-17
		}
		Shading: Y
		Culling: "CullingOff"
	}
	Model: 1987428363456, "Model::RightFoot", "LimbNode" {
		Version: 232
		Properties70:  {
			P: "RotationActive", "bool", "", "",1
			P: "InheritType", "enum", "", "",1
			P: "ScalingMax", "Vector3D", "Vector", "",0,0,0
			P: "DefaultAttributeIndex", "int", "Integer", "",0
			P: "Lcl Translation", "Lcl Translation", "", "A+",1.1444091796875e-05,-44.3201751708984,0.0358963012695313
			P: "Lcl Rotation", "Lcl Rotation", "", "A+",-5.7835521697998,-8.08787059783936,4.5818247795105
		}
		Shading: Y
		Culling: "CullingOff"
	}
	Model: 1987428341456, "Model::RightLeg", "LimbNode" {
		Version: 232
		Properties70:  {
			P: "RotationActive", "bool", "", "",1
			P: "InheritType", "enum", "", "",1
			P: "ScalingMax", "Vector3D", "Vector", "",0,0,0
			P: "DefaultAttributeIndex", "int", "Integer", "",0
			P: "Lcl Translation", "Lcl Translation", "", "A+",1.52587890625e-05,-43.078067779541,-0.00408554077148438
			P: "Lcl Rotation", "Lcl Rotation", "", "A+",10.6128997802734,0.367584228515625,-1.10064697265625
		}
		Shading: Y
		Culling: "CullingOff"
	}
	Model: 1987428359456, "Model::RightUpLeg", "LimbNode" {
		Version: 232
		Properties70:  {
			P: "RotationActive", "bool", "", "",1
			P: "InheritType", "enum", "", "",1
			P: "ScalingMax", "Vector3D", "Vector", "",0,0,0
			P: "DefaultAttributeIndex", "int", "Integer", "",0
			P: "Lcl Translation", "Lcl Translation", "", "A+",-7.69894504547119,0.116509385406971,-0.0129454880952835
			P: "Lcl Rotation", "Lcl Rotation", "", "A+",-8.54476928710938,-13.1469879150391,-4.72384643554688
		}
		Shading: Y
		Culling: "CullingOff"
	}
	Model: 1987428353456, "Model::Hips", "LimbNode" {
		Version: 232
		Properties70:  {
			P: "RotationActive", "bool", "", "",1
			P: "InheritType", "enum", "", "",1
			P: "ScalingMax", "Vector3D", "Vector", "",0,0,0
			P: "DefaultAttributeIndex", "int", "Integer", "",0
			P: "Lcl Rotation", "Lcl Rotation", "", "A+",-173.834655761719,-16.7002353668213,179.950119018555
		}
		Shading: Y
		Culling: "CullingOff"
	}
	Model: 1987428365456, "Model::Reference", "Root" {
		Version: 232
		Properties70:  {
			P: "RotationActive", "bool", "", "",1
			P: "InheritType", "enum", "", "",1
			P: "ScalingMax", "Vector3D", "Vector", "",0,0,0
			P: "DefaultAttributeIndex", "int", "Integer", "",0
			P: "Lcl Translation", "Lcl Translation", "", "A+",56.9475021362305,98.0908813476563,-44.3134994506836
			P: "Lcl Rotation", "Lcl Rotation", "", "A+",179.937942504883,9.13107299804688,179.985717773438
		}
		Shading: Y
		Culling: "CullingOff"
	}
	Pose: 1987428185392, "Pose::BindPose", "BindPose" {
		Type: "BindPose"
		Version: 100
		NbPoseNodes: 24
		PoseNode:  {
			Node: 1987428134704
			Matrix: *16 {
				a: 0.997898909429513,0.0295278569651156,0.0576703756051227,0,-0.0155337085272113,0.973186022870074,-0.229494376379293,0,-0.0629004805925989,0.228116353103798,0.971599948017621,0,-3.81469727273043e-06,10.2325744628907,-0.0322723388672017,1
			} 
		}
		PoseNode:  {
			Node: 1987428149344
			Matrix: *16 {
				a: 0.999390656954203,0.0086550149658198,0.0338142796550265,0,-0.0156438566205911,0.977086682360023,0.212266071016353,0,-0.0312023163031416,-0.212665713904773,0.97662669919816,0,1.52587890553946e-05,12.8731536865235,-2.288818359375e-05,1
			} 
		}
		PoseNode:  {
			Node: 1987428151328
			Matrix: *16 {
				a: 0.990002968815906,-0.13221761123268,0.0491184793699595,0,0.12727490521354,0.98750697907157,0.0929035240872345,0,-0.0607883232091298,-0.0857232148537772,0.99446282494448,0,-24.3004608154297,-7.62939453125e-06,0.00499725341796875,1
			} 
		}
		PoseNode:  {
			Node: 1987428136688
			Matrix: *16 {
				a: 0.988448244234146,0.135469082331198,-0.067957311621165,0,-0.118663481994984,0.970683629676635,0.209026957875343,0,0.0942817400733533,-0.198548278285502,0.975545762472783,0,-29.5696105957031,-1.71661376882071e-05,0.000129699707027697,1
			} 
		}
		PoseNode:  {
			Node: 1987428138672
			Matrix: *16 {
				a: 0.290017443146586,0.952061931036,-0.097303453909518,0,-0.956866512275337,0.290296768572659,-0.0115872275503857,0,0.017215120003918,0.0964669146820649,0.995187305995698,0,-14.5453224182129,7.62939453409217e-05,-7.105427357601e-15,1
			} 
		}
		PoseNode:  {
			Node: 1987428140656
			Matrix: *16 {
				a: 0.987901381059032,0.154108982300388,-0.0173575020090798,0,-0.15441545569176,0.987842678695296,-0.0179641084278615,0,0.0143780508123568,0.0204270341077813,0.999687955280245,0,-2.94171524047853,7.24417114257815,-3.814697265625e-06,1
			} 
		}
		PoseNode:  {
			Node: 1987428143696
			Matrix: *16 {
				a: 0.979489722263797,0.200683758645343,-0.0180530605596008,0,-0.195520866407292,0.968284221853786,0.155554673694977,0,0.0486977902879903,-0.148834454092412,0.98766230590019,0,24.3004837036133,8.392333984375e-05,0.00501251220703836,1
			} 
		}
		PoseNode:  {
			Node: 1987428290336
			Matrix: *16 {
				a: 0.999606548217026,-0.00498032270388882,0.0276033539159332,0,-0.00538533342041715,0.931724379070161,0.363126258524876,0,-0.0275272037372863,-0.363132039115373,0.931330969753673,0,29.569595336914,1.4210854715202e-14,0.000139236450198865,1
			} 
		}
		PoseNode:  {
			Node: 1987428306400
			Matrix: *16 {
				a: 0.292664541618616,-0.935218366324197,0.199283901429758,0,0.95258362336182,0.303297320542791,0.0243962262333646,0,-0.0832580721734022,0.182694670533827,0.979638071318436,0,14.5453376770019,7.62939452840783e-05,1.14440918039804e-05,1
			} 
		}
		PoseNode:  {
			Node: 1987428300400
			Matrix: *16 {
				a: 0.985975614853508,-0.0910769432926928,0.139846620676752,0,0.0858094301683937,0.995372049172913,0.0432576631302714,0,-0.143139193124816,-0.0306508421707477,0.989227828796683,0,2.9417381286621,7.24412536621097,-1.1444091796875e-05,1
			} 
		}
		PoseNode:  {
			Node: 1987428298400
			Matrix: *16 {
				a: 0.999964291023652,-0.00601540602084876,-0.00593561858349112,0,0.00652499937114252,0.995925497440355,0.0899434707546215,0,0.00537038739486614,-0.0899789888728763,0.995929184480827,0,0,9.18385314941406,-0.0471820831298828,1
			} 
		}
		PoseNode:  {
			Node: 1987428292400
			Matrix: *16 {
				a: 0.999936521589437,-0.00803655040065206,-0.00789725580665324,0,0.00791147272333489,0.999844759682435,-0.0157437331952429,0,0.00802255513947184,0.0156802548841798,0.999844872075564,0,-1.52587890625e-05,9.19408416748045,-0.0471324920654297,1
			} 
		}
		PoseNode:  {
			Node: 1987428294400
			Matrix: *16 {
				a: 0.999936524971545,-0.0087966222399932,-0.00704027449735634,0,0.00791225356557108,0.993093603050025,-0.117057643170507,0,0.0080213634343157,0.116994508496282,0.993100167510996,0,7.105427357601e-15,10.0627746582031,3.81469725851957e-06,1
			} 
		}
		PoseNode:  {
			Node: 1987428302400
			Matrix: *16 {
				a: 0.999678702086939,-0.0199435790713567,-0.0156443679194287,0,0.0193819041438317,0.999189924785418,-0.0352680591905909,0,0.0163350661318902,0.03495350999737,0.999255431685678,0,7.105427357601e-15,9.13330554962158,-1.01481211185455,1
			} 
		}
		PoseNode:  {
			Node: 1987428296400
			Matrix: *16 {
				a: 0.999999999999993,8.74228002368388e-08,-8.74227606140199e-08,0,-8.74227926049229e-08,0.999999999999993,8.74227843658537e-08,0,8.7422768191292e-08,-8.74227767261315e-08,0.999999999999993,0,-1.52587890625e-05,-8.40085792541504,18.0036220550537,1
			} 
		}
		PoseNode:  {
			Node: 1987428304400
			Matrix: *16 {
				a: 0.999327724672464,-0.031160372579181,-0.019316570132439,0,0.0298406563801401,0.997425542453607,-0.065206000398207,0,0.0212986837094976,0.0645857448811671,0.997684843841174,0,7.62939453125e-05,-44.3201599121094,0.035888671875,1
			} 
		}
		PoseNode:  {
			Node: 1987428345456
			Matrix: *16 {
				a: 0.998580867939819,-0.0145994500525743,-0.0512162693167049,0,0.0106079252899753,0.996946919029259,-0.0773583386527334,0,0.0521892911007725,0.076705258595686,0.995686989569598,0,-1.4210854715202e-14,-43.0780906677246,-0.00412750244140625,1
			} 
		}
		PoseNode:  {
			Node: 1987428361456
			Matrix: *16 {
				a: 0.998357023605246,0.0147193753125409,0.0553768309718365,0,-0.015326623788887,0.999826806551918,0.0105570594119238,0,-0.0552118467478558,-0.0113884542674381,0.998409713037734,0,7.69894504547119,0.114144496619701,-0.0126827219501138,1
			} 
		}
		PoseNode:  {
			Node: 1987428339456
			Matrix: *16 {
				a: 1,1.73472347597681e-18,-2.77555756156289e-17,0,-1.73472347597681e-17,1,-3.46944695195361e-18,0,0,0,1,0,7.105427357601e-15,-8.40087413787841,18.0036125183105,1
			} 
		}
		PoseNode:  {
			Node: 1987428363456
			Matrix: *16 {
				a: 0.986889519298587,0.0790881682619371,0.140691642749577,0,-0.0653438091863838,0.99286275892119,-0.0997683744901998,0,-0.1475779905664,0.0892670352838876,0.985013773057011,0,1.14440918039804e-05,-44.3201751708984,0.0358963012695313,1
			} 
		}
		PoseNode:  {
			Node: 1987428341456
			Matrix: *16 {
				a: 0.999794919478384,-0.0192083368124674,-0.00641551105608217,0,0.0200614894494503,0.9826898638985,0.18416885738967,0,0.00276688024343263,-0.184259792651696,0.98287368119493,0,1.52587890553946e-05,-43.078067779541,-0.00408554077147727,1
			} 
		}
		PoseNode:  {
			Node: 1987428359456
			Matrix: *16 {
				a: 0.970481993211775,-0.0801948014068882,0.227449982807232,0,0.115119398305103,0.9827578389612,-0.144687781426707,0,-0.211925045677879,0.166600791677655,0.962980763684721,0,-7.69894504547119,0.116509385406971,-0.0129454880952835,1
			} 
		}
		PoseNode:  {
			Node: 1987428353456
			Matrix: *16 {
				a: -0.957820951404419,0.000833867024437133,0.2873644545112,0,-0.029996808914423,0.994242597913055,-0.102868109490026,0,-0.285795760125453,-0.10714924713168,-0.952281377710091,0,0,0,0,1
			} 
		}
		PoseNode:  {
			Node: 1987428365456
			Matrix: *16 {
				a: -0.987327857621029,0.000246113074399532,-0.158693544272675,0,7.73895818770917e-05,0.999999425216174,0.00106938214555992,0,0.15869371624712,0.001043549555716,-0.987327309167534,0,56.9475021362305,98.0908813476563,-44.3134994506836,1
			} 
		}
	}
	AnimationStack: 1987428155024, "AnimStack::trix_hit_forward_Diag_head_short", "" {
	}
	AnimationCurve: 1987428170432, "AnimCurve::", "" {
		Default: 56.9475021362305
		KeyVer: 4009
		KeyTime: *85 {
			a: 0,1539538600,3079077200,4618615800,6158154400,7697693000,9237231600,10776770200,12316308800,13855847400,15395386000,16934924600,18474463200,20014001800,21553540400,23093079000,24632617600,26172156200,27711694800,29251233400,30790772000,32330310600,33869849200,35409387800,36948926400,38488465000,40028003600,41567542200,43107080800,44646619400,46186158000,47725696600,49265235200,50804773800,52344312400,53883851000,55423389600,56962928200,58502466800,60042005400,61581544000,63121082600,64660621200,66200159800,67739698400,69279237000,70818775600,72358314200,73897852800,75437391400,76976930000,78516468600,80056007200,81595545800,83135084400,84674623000,86214161600,87753700200,89293238800,90832777400,92372316000,93911854600,95451393200,96990931800,98530470400,100070009000,101609547600,103149086200,104688624800,106228163400,107767702000,109307240600,110846779200,112386317800,113925856400,115465395000,117004933600,118544472200,120084010800,121623549400,123163088000,124702626600,126242165200,127781703800,129321242400
		} 
		KeyValueFloat: *85 {
			a: 0,0.0003941432,0.05397832,0.109358,0.1625448,0.2143169,0.2624054,0.3047742,0.3431408,0.3767424,0.4101616,0.4442877,0.4784383,0.5126684,0.5464904,0.5790459,0.6199074,0.6723995,0.7395126,0.8397158,0.9784794,1.157589,1.373378,1.679383,2.089801,2.489031,2.922207,3.363363,3.492154,3.405759,3.187279,3.460341,4.1811,5.335814,6.586673,8.023113,9.607211,11.10266,12.72388,14.52715,16.63194,18.8808,21.0898,23.20841,25.20785,27.18511,28.74118,30.21829,31.9003,33.89798,35.92509,38.00388,40.299,42.7947,45.57033,47.26792,48.73911,50.42713,51.7069,52.71381,53.57822,54.4595,55.20068,55.78363,56.22948,56.53731,56.73892,56.9475,57.0818,57.11583,57.06379,56.97176,56.85852,56.72596,56.58024,56.41285,56.20647,55.99809,55.78987,55.56719,55.34171,55.10383,54.87562,54.65104,54.42441
		} 
		;KeyAttrFlags: Cubic|TangeantAuto|GenericTimeIndependent, Cubic|TangeantAuto|GenericTimeIndependent, Cubic|TangeantAuto|GenericTimeIndependent, Cubic|TangeantAuto|GenericTimeIndependent, Cubic|TangeantAuto|GenericTimeIndependent, Cubic|TangeantAuto|GenericTimeIndependent, Cubic|TangeantAuto|GenericTimeIndependent, Cubic|TangeantAuto|GenericTimeIndependent, Cubic|TangeantAuto|GenericTimeIndependent, Cubic|TangeantAuto|GenericTimeIndependent, Cubic|TangeantAuto|GenericTimeIndependent, Cubic|TangeantAuto|GenericTimeIndependent, Cubic|TangeantAuto|GenericTimeIndependent, Cubic|TangeantAuto|GenericTimeIndependent, Cubic|TangeantAuto|GenericTimeIndependent, Cubic|TangeantAuto|GenericTimeIndependent, Cubic|TangeantAuto|GenericTimeIndependent, Cubic|TangeantAuto|GenericTimeIndependent, Cubic|TangeantAuto|GenericTimeIndependent, Cubic|TangeantAuto|GenericTimeIndependent, Cubic|TangeantAuto|GenericTimeIndependent, Cubic|TangeantAuto|GenericTimeIndependent, Cubic|TangeantAuto|GenericTimeIndependent, Cubic|TangeantAuto|GenericTimeIndependent, Cubic|TangeantAuto|GenericTimeIndependent, Cubic|TangeantAuto|GenericTimeIndependent, Cubic|TangeantAuto|GenericTimeIndependent, Cubic|TangeantAuto|GenericTimeIndependent, Cubic|TangeantAuto|GenericTimeIndependent, Cubic|TangeantAuto|GenericTimeIndependent, Cubic|TangeantAuto|GenericTimeIndependent, Cubic|TangeantAuto|GenericTimeIndependent, Cubic|TangeantAuto|GenericTimeIndependent, Cubic|TangeantAuto|GenericTimeIndependent, Cubic|TangeantAuto|GenericTimeIndependent, Cubic|TangeantAuto|GenericTimeIndependent, Cubic|TangeantAuto|GenericTimeIndependent, Cubic|TangeantAuto|GenericTimeIndependent, Cubic|TangeantAuto|GenericTimeIndependent, Cubic|TangeantAuto|GenericTimeIndependent, Cubic|TangeantAuto|GenericTimeIndependent, Cubic|TangeantAuto|GenericTimeIndependent, Cubic|TangeantAuto|GenericTimeIndependent, Cubic|TangeantAuto|GenericTimeIndependent, Cubic|TangeantAuto|GenericTimeIndependent, Cubic|TangeantAuto|GenericTimeIndependent, Cubic|TangeantAuto|GenericTimeIndependent, Cubic|TangeantAuto|GenericTimeIndependent, 
		;Cubic|TangeantAuto|GenericTimeIndependent, Cubic|TangeantAuto|GenericTimeIndependent, Cubic|TangeantAuto|GenericTimeIndependent, Cubic|TangeantAuto|GenericTimeIndependent, Cubic|TangeantAuto|GenericTimeIndependent, Cubic|TangeantAuto|GenericTimeIndependent, Cubic|TangeantAuto|GenericTimeIndependent, Cubic|TangeantAuto|GenericTimeIndependent, Cubic|TangeantAuto|GenericTimeIndependent, Cubic|TangeantAuto|GenericTimeIndependent, Cubic|TangeantAuto|GenericTimeIndependent, Cubic|TangeantAuto|GenericTimeIndependent, Cubic|TangeantAuto|GenericTimeIndependent, Cubic|TangeantAuto|GenericTimeIndependent, Cubic|TangeantAuto|GenericTimeIndependent, Cubic|TangeantAuto|GenericTimeIndependent, Cubic|TangeantAuto|GenericTimeIndependent, Cubic|TangeantAuto|GenericTimeIndependent, Cubic|TangeantAuto|GenericTimeIndependent, Cubic|TangeantAuto|GenericTimeIndependent, Cubic|TangeantAuto|GenericTimeIndependent, Cubic|TangeantAuto|GenericTimeIndependent, Cubic|TangeantAuto|GenericTimeIndependent, Cubic|TangeantAuto|GenericTimeIndependent, Cubic|TangeantAuto|GenericTimeIndependent, Cubic|TangeantAuto|GenericTimeIndependent, Cubic|TangeantAuto|GenericTimeIndependent, Cubic|TangeantAuto|GenericTimeIndependent, Cubic|TangeantAuto|GenericTimeIndependent, Cubic|TangeantAuto|GenericTimeIndependent, Cubic|TangeantAuto|GenericTimeIndependent, Cubic|TangeantAuto|GenericTimeIndependent, Cubic|TangeantAuto|GenericTimeIndependent, Cubic|TangeantAuto|GenericTimeIndependent, Cubic|TangeantAuto|GenericTimeIndependent, Cubic|TangeantAuto|GenericTimeIndependent, Cubic|TangeantAuto|GenericTimeIndependent
		KeyAttrFlags: *85 {
			a: 8456,8456,8456,8456,8456,8456,8456,8456,8456,8456,8456,8456,8456,8456,8456,8456,8456,8456,8456,8456,8456,8456,8456,8456,8456,8456,8456,8456,8456,8456,8456,8456,8456,8456,8456,8456,8456,8456,8456,8456,8456,8456,8456,8456,8456,8456,8456,8456,8456,8456,8456,8456,8456,8456,8456,8456,8456,8456,8456,8456,8456,8456,8456,8456,8456,8456,8456,8456,8456,8456,8456,8456,8456,8456,8456,8456,8456,8456,8456,8456,8456,8456,8456,8456,8456
		} 
		;KeyAttrDataFloat: RightAuto:0, NextLeftAuto:0; RightAuto:0, NextLeftAuto:0; RightAuto:0, NextLeftAuto:0; RightAuto:0, NextLeftAuto:0; RightAuto:0, NextLeftAuto:0; RightAuto:0, NextLeftAuto:0; RightAuto:0, NextLeftAuto:0; RightAuto:0, NextLeftAuto:0; RightAuto:0, NextLeftAuto:0; RightAuto:0, NextLeftAuto:0; RightAuto:0, NextLeftAuto:0; RightAuto:0, NextLeftAuto:0; RightAuto:0, NextLeftAuto:0; RightAuto:0, NextLeftAuto:0; RightAuto:0, NextLeftAuto:0; RightAuto:0, NextLeftAuto:0; RightAuto:0, NextLeftAuto:0; RightAuto:0, NextLeftAuto:0; RightAuto:0, NextLeftAuto:0; RightAuto:0, NextLeftAuto:0; RightAuto:0, NextLeftAuto:0; RightAuto:0, NextLeftAuto:0; RightAuto:0, NextLeftAuto:0; RightAuto:0, NextLeftAuto:0; RightAuto:0, NextLeftAuto:0; RightAuto:0, NextLeftAuto:0; RightAuto:0, NextLeftAuto:0; RightAuto:0, NextLeftAuto:0; RightAuto:0, NextLeftAuto:0; RightAuto:0, NextLeftAuto:0; RightAuto:0, NextLeftAuto:0; RightAuto:0, NextLeftAuto:0; RightAuto:0, NextLeftAuto:0; RightAuto:0, NextLeftAuto:0; RightAuto:0, NextLeftAuto:0; RightAuto:0, NextLeftAuto:0; RightAuto:0, NextLeftAuto:0; RightAuto:0, NextLeftAuto:0; RightAuto:0, NextLeftAuto:0; RightAuto:0, NextLeftAuto:0; RightAuto:0, NextLeftAuto:0; RightAuto:0, NextLeftAuto:0; RightAuto:0, NextLeftAuto:0; RightAuto:0, NextLeftAuto:0; RightAuto:0, NextLeftAuto:0; RightAuto:0, NextLeftAuto:0; RightAuto:0, NextLeftAuto:0; RightAuto:0, NextLeftAuto:0; RightAuto:0, NextLeftAuto:0; RightAuto:0, NextLeftAuto:0; RightAuto:0, NextLeftAuto:0; RightAuto:0, NextLeftAuto:0; RightAuto:0, NextLeftAuto:0; RightAuto:0, NextLeftAuto:0; RightAuto:0, NextLeftAuto:0; RightAuto:0, NextLeftAuto:0; RightAuto:0, NextLeftAuto:0; RightAuto:0, NextLeftAuto:0; RightAuto:0, NextLeftAuto:0; RightAuto:0, NextLeftAuto:0; RightAuto:0, NextLeftAuto:0; RightAuto:0, NextLeftAuto:0; RightAuto:0, NextLeftAuto:0; RightAuto:0, NextLeftAuto:0; RightAuto:0, NextLeftAuto:0; RightAuto:0, NextLeftAuto:0; RightAuto:0, NextLeftAuto:0; RightAuto:0, NextLeftAuto:0; RightAuto:0, NextLeftAuto:0; RightAuto:0, NextLeftAuto:0; RightAuto:0, NextLeftAuto:0; 
		;RightAuto:0, NextLeftAuto:0; RightAuto:0, NextLeftAuto:0; RightAuto:0, NextLeftAuto:0; RightAuto:0, NextLeftAuto:0; RightAuto:0, NextLeftAuto:0; RightAuto:0, NextLeftAuto:0; RightAuto:0, NextLeftAuto:0; RightAuto:0, NextLeftAuto:0; RightAuto:0, NextLeftAuto:0; RightAuto:0, NextLeftAuto:0; RightAuto:0, NextLeftAuto:0; RightAuto:0, NextLeftAuto:0; RightAuto:0, NextLeftAuto:0; RightAuto:0, NextLeftAuto:0
		KeyAttrDataFloat: *340 {
