; FBX 7.7.0 project file
; ----------------------------------------------------

FBXHeaderExtension:  {
	FBXHeaderVersion: 1004
	FBXVersion: 7700
	CreationTimeStamp:  {
		Version: 1000
		Year: 2021
		Month: 5
		Day: 12
		Hour: 11
		Minute: 25
		Second: 57
		Millisecond: 183
	}
	Creator: "FBX SDK/FBX Plugins version 2020.2"
	OtherFlags:  {
		TCDefinition: 127
	}
	SceneInfo: "SceneInfo::GlobalInfo", "UserData" {
		Type: "UserData"
		Version: 100
		MetaData:  {
			Version: 100
			Title: ""
			Subject: ""
			Author: ""
			Keywords: ""
			Revision: ""
			Comment: ""
		}
		Properties70:  {
			P: "DocumentUrl", "KString", "Url", "", "D:\GIT\RND\TrixPrototype\Assets\Animations\HitReactons\Forward\trix_hit_forward_Diag_arm_short.fbx"
			P: "SrcDocumentUrl", "KString", "Url", "", "D:\GIT\RND\TrixPrototype\Assets\Animations\HitReactons\Forward\trix_hit_forward_Diag_arm_short.fbx"
			P: "Original", "Compound", "", ""
			P: "Original|ApplicationVendor", "KString", "", "", ""
			P: "Original|ApplicationName", "KString", "", "", ""
			P: "Original|ApplicationVersion", "KString", "", "", ""
			P: "Original|DateTime_GMT", "DateTime", "", "", ""
			P: "Original|FileName", "KString", "", "", ""
			P: "LastSaved", "Compound", "", ""
			P: "LastSaved|ApplicationVendor", "KString", "", "", ""
			P: "LastSaved|ApplicationName", "KString", "", "", ""
			P: "LastSaved|ApplicationVersion", "KString", "", "", ""
			P: "LastSaved|DateTime_GMT", "DateTime", "", "", ""
		}
	}
}
GlobalSettings:  {
	Version: 1000
	Properties70:  {
		P: "UpAxis", "int", "Integer", "",1
		P: "UpAxisSign", "int", "Integer", "",1
		P: "FrontAxis", "int", "Integer", "",2
		P: "FrontAxisSign", "int", "Integer", "",1
		P: "CoordAxis", "int", "Integer", "",0
		P: "CoordAxisSign", "int", "Integer", "",1
		P: "OriginalUpAxis", "int", "Integer", "",-1
		P: "OriginalUpAxisSign", "int", "Integer", "",1
		P: "UnitScaleFactor", "double", "Number", "",1
		P: "OriginalUnitScaleFactor", "double", "Number", "",1
		P: "AmbientColor", "ColorRGB", "Color", "",0,0,0
		P: "DefaultCamera", "KString", "", "", "Producer Perspective"
		P: "TimeMode", "enum", "", "",0
		P: "TimeProtocol", "enum", "", "",2
		P: "SnapOnFrameMode", "enum", "", "",0
		P: "TimeSpanStart", "KTime", "Time", "",0
		P: "TimeSpanStop", "KTime", "Time", "",46186158000
		P: "CustomFrameRate", "double", "Number", "",-1
		P: "TimeMarker", "Compound", "", ""
		P: "CurrentTimeMarker", "int", "Integer", "",-1
	}
}

; Documents Description
;------------------------------------------------------------------

Documents:  {
	Count: 1
	Document: 2089779866848, "myScene", "Scene" {
		Properties70:  {
			P: "SourceObject", "object", "", ""
			P: "ActiveAnimStackName", "KString", "", "", ""
		}
		RootNode: 0
	}
}

; Document References
;------------------------------------------------------------------

References:  {
}

; Object definitions
;------------------------------------------------------------------

Definitions:  {
	Version: 100
	Count: 340
	ObjectType: "GlobalSettings" {
		Count: 1
	}
	ObjectType: "NodeAttribute" {
		Count: 24
		PropertyTemplate: "FbxSkeleton" {
			Properties70:  {
				P: "Color", "ColorRGB", "Color", "",0.8,0.8,0.8
				P: "Size", "double", "Number", "",100
				P: "LimbLength", "double", "Number", "H",1
			}
		}
	}
	ObjectType: "Model" {
		Count: 24
		PropertyTemplate: "FbxNode" {
			Properties70:  {
				P: "QuaternionInterpolate", "enum", "", "",0
				P: "RotationOffset", "Vector3D", "Vector", "",0,0,0
				P: "RotationPivot", "Vector3D", "Vector", "",0,0,0
				P: "ScalingOffset", "Vector3D", "Vector", "",0,0,0
				P: "ScalingPivot", "Vector3D", "Vector", "",0,0,0
				P: "TranslationActive", "bool", "", "",0
				P: "TranslationMin", "Vector3D", "Vector", "",0,0,0
				P: "TranslationMax", "Vector3D", "Vector", "",0,0,0
				P: "TranslationMinX", "bool", "", "",0
				P: "TranslationMinY", "bool", "", "",0
				P: "TranslationMinZ", "bool", "", "",0
				P: "TranslationMaxX", "bool", "", "",0
				P: "TranslationMaxY", "bool", "", "",0
				P: "TranslationMaxZ", "bool", "", "",0
				P: "RotationOrder", "enum", "", "",0
				P: "RotationSpaceForLimitOnly", "bool", "", "",0
				P: "RotationStiffnessX", "double", "Number", "",0
				P: "RotationStiffnessY", "double", "Number", "",0
				P: "RotationStiffnessZ", "double", "Number", "",0
				P: "AxisLen", "double", "Number", "",10
				P: "PreRotation", "Vector3D", "Vector", "",0,0,0
				P: "PostRotation", "Vector3D", "Vector", "",0,0,0
				P: "RotationActive", "bool", "", "",0
				P: "RotationMin", "Vector3D", "Vector", "",0,0,0
				P: "RotationMax", "Vector3D", "Vector", "",0,0,0
				P: "RotationMinX", "bool", "", "",0
				P: "RotationMinY", "bool", "", "",0
				P: "RotationMinZ", "bool", "", "",0
				P: "RotationMaxX", "bool", "", "",0
				P: "RotationMaxY", "bool", "", "",0
				P: "RotationMaxZ", "bool", "", "",0
				P: "InheritType", "enum", "", "",0
				P: "ScalingActive", "bool", "", "",0
				P: "ScalingMin", "Vector3D", "Vector", "",0,0,0
				P: "ScalingMax", "Vector3D", "Vector", "",1,1,1
				P: "ScalingMinX", "bool", "", "",0
				P: "ScalingMinY", "bool", "", "",0
				P: "ScalingMinZ", "bool", "", "",0
				P: "ScalingMaxX", "bool", "", "",0
				P: "ScalingMaxY", "bool", "", "",0
				P: "ScalingMaxZ", "bool", "", "",0
				P: "GeometricTranslation", "Vector3D", "Vector", "",0,0,0
				P: "GeometricRotation", "Vector3D", "Vector", "",0,0,0
				P: "GeometricScaling", "Vector3D", "Vector", "",1,1,1
				P: "MinDampRangeX", "double", "Number", "",0
				P: "MinDampRangeY", "double", "Number", "",0
				P: "MinDampRangeZ", "double", "Number", "",0
				P: "MaxDampRangeX", "double", "Number", "",0
				P: "MaxDampRangeY", "double", "Number", "",0
				P: "MaxDampRangeZ", "double", "Number", "",0
				P: "MinDampStrengthX", "double", "Number", "",0
				P: "MinDampStrengthY", "double", "Number", "",0
				P: "MinDampStrengthZ", "double", "Number", "",0
				P: "MaxDampStrengthX", "double", "Number", "",0
				P: "MaxDampStrengthY", "double", "Number", "",0
				P: "MaxDampStrengthZ", "double", "Number", "",0
				P: "PreferedAngleX", "double", "Number", "",0
				P: "PreferedAngleY", "double", "Number", "",0
				P: "PreferedAngleZ", "double", "Number", "",0
				P: "LookAtProperty", "object", "", ""
				P: "UpVectorProperty", "object", "", ""
				P: "Show", "bool", "", "",1
				P: "NegativePercentShapeSupport", "bool", "", "",1
				P: "DefaultAttributeIndex", "int", "Integer", "",-1
				P: "Freeze", "bool", "", "",0
				P: "LODBox", "bool", "", "",0
				P: "Lcl Translation", "Lcl Translation", "", "A",0,0,0
				P: "Lcl Rotation", "Lcl Rotation", "", "A",0,0,0
				P: "Lcl Scaling", "Lcl Scaling", "", "A",1,1,1
				P: "Visibility", "Visibility", "", "A",1
				P: "Visibility Inheritance", "Visibility Inheritance", "", "",1
			}
		}
	}
	ObjectType: "Pose" {
		Count: 1
	}
	ObjectType: "AnimationStack" {
		Count: 1
		PropertyTemplate: "FbxAnimStack" {
			Properties70:  {
				P: "Description", "KString", "", "", ""
				P: "LocalStart", "KTime", "Time", "",0
				P: "LocalStop", "KTime", "Time", "",0
				P: "ReferenceStart", "KTime", "Time", "",0
				P: "ReferenceStop", "KTime", "Time", "",0
			}
		}
	}
	ObjectType: "AnimationLayer" {
		Count: 1
		PropertyTemplate: "FbxAnimLayer" {
			Properties70:  {
				P: "Weight", "Number", "", "A",100
				P: "Mute", "bool", "", "",0
				P: "Solo", "bool", "", "",0
				P: "Lock", "bool", "", "",0
				P: "Color", "ColorRGB", "Color", "",0.8,0.8,0.8
				P: "BlendMode", "enum", "", "",0
				P: "RotationAccumulationMode", "enum", "", "",0
				P: "ScaleAccumulationMode", "enum", "", "",0
				P: "BlendModeBypass", "ULongLong", "", "",0
			}
		}
	}
	ObjectType: "AnimationCurveNode" {
		Count: 72
		PropertyTemplate: "FbxAnimCurveNode" {
			Properties70:  {
				P: "d", "Compound", "", ""
			}
		}
	}
	ObjectType: "AnimationCurve" {
		Count: 216
	}
}

; Object properties
;------------------------------------------------------------------

Objects:  {
	NodeAttribute: 2089780132912, "NodeAttribute::Head", "LimbNode" {
		TypeFlags: "Skeleton"
	}
	NodeAttribute: 2089780118672, "NodeAttribute::Neck", "LimbNode" {
		TypeFlags: "Skeleton"
	}
	NodeAttribute: 2089780119184, "NodeAttribute::RightHand", "LimbNode" {
		TypeFlags: "Skeleton"
	}
	NodeAttribute: 2089780119376, "NodeAttribute::RightForeArm", "LimbNode" {
		TypeFlags: "Skeleton"
	}
	NodeAttribute: 2089780119568, "NodeAttribute::RightArm", "LimbNode" {
		TypeFlags: "Skeleton"
	}
	NodeAttribute: 2089780119760, "NodeAttribute::RightShoulder", "LimbNode" {
		TypeFlags: "Skeleton"
	}
	NodeAttribute: 2089780118864, "NodeAttribute::LeftHand", "LimbNode" {
		TypeFlags: "Skeleton"
	}
	NodeAttribute: 2089780120528, "NodeAttribute::LeftForeArm", "LimbNode" {
		TypeFlags: "Skeleton"
	}
	NodeAttribute: 2089780120880, "NodeAttribute::LeftArm", "LimbNode" {
		TypeFlags: "Skeleton"
	}
	NodeAttribute: 2089780121072, "NodeAttribute::LeftShoulder", "LimbNode" {
		TypeFlags: "Skeleton"
	}
	NodeAttribute: 2089780050128, "NodeAttribute::Spine3", "LimbNode" {
		TypeFlags: "Skeleton"
	}
	NodeAttribute: 2089780121808, "NodeAttribute::Spine2", "LimbNode" {
		TypeFlags: "Skeleton"
	}
	NodeAttribute: 2089780122000, "NodeAttribute::Spine1", "LimbNode" {
		TypeFlags: "Skeleton"
	}
	NodeAttribute: 2089780168032, "NodeAttribute::Spine", "LimbNode" {
		TypeFlags: "Skeleton"
	}
	NodeAttribute: 2089780170336, "NodeAttribute::LeftToeBase", "LimbNode" {
		TypeFlags: "Skeleton"
	}
	NodeAttribute: 2089780168416, "NodeAttribute::LeftFoot", "LimbNode" {
		TypeFlags: "Skeleton"
	}
	NodeAttribute: 2089780171104, "NodeAttribute::LeftLeg", "LimbNode" {
		TypeFlags: "Skeleton"
	}
	NodeAttribute: 2089780170528, "NodeAttribute::LeftUpLeg", "LimbNode" {
		TypeFlags: "Skeleton"
	}
	NodeAttribute: 2089780171488, "NodeAttribute::RightToeBase", "LimbNode" {
		TypeFlags: "Skeleton"
	}
	NodeAttribute: 2089780168224, "NodeAttribute::RightFoot", "LimbNode" {
		TypeFlags: "Skeleton"
	}
	NodeAttribute: 2089780171680, "NodeAttribute::RightLeg", "LimbNode" {
		TypeFlags: "Skeleton"
	}
	NodeAttribute: 2089780169184, "NodeAttribute::RightUpLeg", "LimbNode" {
		TypeFlags: "Skeleton"
	}
	NodeAttribute: 2089780169760, "NodeAttribute::Hips", "LimbNode" {
		TypeFlags: "Skeleton"
	}
	NodeAttribute: 2089780168608, "NodeAttribute::Reference", "Root" {
		TypeFlags: "Null", "Skeleton", "Root"
	}
	Model: 2089780208960, "Model::Head", "LimbNode" {
		Version: 232
		Properties70:  {
			P: "RotationActive", "bool", "", "",1
			P: "InheritType", "enum", "", "",1
			P: "ScalingMax", "Vector3D", "Vector", "",0,0,0
			P: "DefaultAttributeIndex", "int", "Integer", "",0
			P: "Lcl Translation", "Lcl Translation", "", "A+",0,10.2325963973999,-0.0322463512420654
			P: "Lcl Rotation", "Lcl Rotation", "", "A+",-12.5616760253906,27.6370849609375,-11.9239501953125
		}
		Shading: Y
		Culling: "CullingOff"
	}
	Model: 2089780085248, "Model::Neck", "LimbNode" {
		Version: 232
		Properties70:  {
			P: "RotationActive", "bool", "", "",1
			P: "InheritType", "enum", "", "",1
			P: "ScalingMax", "Vector3D", "Vector", "",0,0,0
			P: "DefaultAttributeIndex", "int", "Integer", "",0
			P: "Lcl Translation", "Lcl Translation", "", "A+",0,12.873251914978,0
			P: "Lcl Rotation", "Lcl Rotation", "", "A+",13.80908203125,15.8751220703125,-2.76495361328125
		}
		Shading: Y
		Culling: "CullingOff"
	}
	Model: 2089780087232, "Model::RightHand", "LimbNode" {
		Version: 232
		Properties70:  {
			P: "RotationActive", "bool", "", "",1
			P: "InheritType", "enum", "", "",1
			P: "ScalingMax", "Vector3D", "Vector", "",0,0,0
			P: "DefaultAttributeIndex", "int", "Integer", "",0
			P: "Lcl Translation", "Lcl Translation", "", "A+",-24.3004455566406,-6.29425048828125e-05,0.00492715835571289
			P: "Lcl Rotation", "Lcl Rotation", "", "A+",5.69630432128906,3.76423645019531,-7.32231140136719
		}
		Shading: Y
		Culling: "CullingOff"
	}
	Model: 2089780089216, "Model::RightForeArm", "LimbNode" {
		Version: 232
		Properties70:  {
			P: "RotationActive", "bool", "", "",1
			P: "InheritType", "enum", "", "",1
			P: "ScalingMax", "Vector3D", "Vector", "",0,0,0
			P: "DefaultAttributeIndex", "int", "Integer", "",0
			P: "Lcl Translation", "Lcl Translation", "", "A+",-29.5696029663086,-8.392333984375e-05,4.57763671875e-05
			P: "Lcl Rotation", "Lcl Rotation", "", "A+",15.719916343689,21.240213394165,21.788911819458
		}
		Shading: Y
		Culling: "CullingOff"
	}
	Model: 2089780091200, "Model::RightArm", "LimbNode" {
		Version: 232
		Properties70:  {
			P: "RotationActive", "bool", "", "",1
			P: "InheritType", "enum", "", "",1
			P: "ScalingMax", "Vector3D", "Vector", "",0,0,0
			P: "DefaultAttributeIndex", "int", "Integer", "",0
			P: "Lcl Translation", "Lcl Translation", "", "A+",-14.5453910827637,-0.0001068115234375,0
			P: "Lcl Rotation", "Lcl Rotation", "", "A+",1.28582429885864,11.9242649078369,70.0289611816406
		}
		Shading: Y
		Culling: "CullingOff"
	}
	Model: 2089780072928, "Model::RightShoulder", "LimbNode" {
		Version: 232
		Properties70:  {
			P: "RotationActive", "bool", "", "",1
			P: "InheritType", "enum", "", "",1
			P: "ScalingMax", "Vector3D", "Vector", "",0,0,0
			P: "DefaultAttributeIndex", "int", "Integer", "",0
			P: "Lcl Translation", "Lcl Translation", "", "A+",-2.94174194335938,7.24424743652344,-1.52587890625e-05
			P: "Lcl Rotation", "Lcl Rotation", "", "A+",-5.53775215148926,2.2881932258606,5.68525505065918
		}
		Shading: Y
		Culling: "CullingOff"
	}
	Model: 2089780077024, "Model::LeftHand", "LimbNode" {
		Version: 232
		Properties70:  {
			P: "RotationActive", "bool", "", "",1
			P: "InheritType", "enum", "", "",1
			P: "ScalingMax", "Vector3D", "Vector", "",0,0,0
			P: "DefaultAttributeIndex", "int", "Integer", "",0
			P: "Lcl Translation", "Lcl Translation", "", "A+",24.3004989624023,1.9073486328125e-05,0.00487178564071655
			P: "Lcl Rotation", "Lcl Rotation", "", "A+",10.7804002761841,-5.94553852081299,4.4463038444519
		}
		Shading: Y
		Culling: "CullingOff"
	}
	Model: 2089780079008, "Model::LeftForeArm", "LimbNode" {
		Version: 232
		Properties70:  {
			P: "RotationActive", "bool", "", "",1
			P: "InheritType", "enum", "", "",1
			P: "ScalingMax", "Vector3D", "Vector", "",0,0,0
			P: "DefaultAttributeIndex", "int", "Integer", "",0
			P: "Lcl Translation", "Lcl Translation", "", "A+",29.5695190429688,1.09672546386719e-05,1.9073486328125e-05
			P: "Lcl Rotation", "Lcl Rotation", "", "A+",39.3076019287109,-12.4771575927734,-13.0330200195313
		}
		Shading: Y
		Culling: "CullingOff"
	}
	Model: 2089780241424, "Model::LeftArm", "LimbNode" {
		Version: 232
		Properties70:  {
			P: "RotationActive", "bool", "", "",1
			P: "InheritType", "enum", "", "",1
			P: "ScalingMax", "Vector3D", "Vector", "",0,0,0
			P: "DefaultAttributeIndex", "int", "Integer", "",0
			P: "Lcl Translation", "Lcl Translation", "", "A+",14.545337677002,-1.52587890625e-05,7.62939453125e-06
			P: "Lcl Rotation", "Lcl Rotation", "", "A+",10.3610992431641,-10.8660736083984,-71.4176635742188
		}
		Shading: Y
		Culling: "CullingOff"
	}
	Model: 2089780229424, "Model::LeftShoulder", "LimbNode" {
		Version: 232
		Properties70:  {
			P: "RotationActive", "bool", "", "",1
			P: "InheritType", "enum", "", "",1
			P: "ScalingMax", "Vector3D", "Vector", "",0,0,0
			P: "DefaultAttributeIndex", "int", "Integer", "",0
			P: "Lcl Translation", "Lcl Translation", "", "A+",2.94172739982605,7.24422025680542,1.4210854715202e-14
			P: "Lcl Rotation", "Lcl Rotation", "", "A+",-0.657546997070313,-10.1594085693359,-7.64179992675781
		}
		Shading: Y
		Culling: "CullingOff"
	}
	Model: 2089780227424, "Model::Spine3", "LimbNode" {
		Version: 232
		Properties70:  {
			P: "RotationActive", "bool", "", "",1
			P: "InheritType", "enum", "", "",1
			P: "ScalingMax", "Vector3D", "Vector", "",0,0,0
			P: "DefaultAttributeIndex", "int", "Integer", "",0
			P: "Lcl Translation", "Lcl Translation", "", "A+",-7.62939453125e-06,9.183837890625,-0.04718017578125
			P: "Lcl Rotation", "Lcl Rotation", "", "A+",5.87106943130493,-1.62325823307037,1.95588147640228
		}
		Shading: Y
		Culling: "CullingOff"
	}
	Model: 2089780233424, "Model::Spine2", "LimbNode" {
		Version: 232
		Properties70:  {
			P: "RotationActive", "bool", "", "",1
			P: "InheritType", "enum", "", "",1
			P: "ScalingMax", "Vector3D", "Vector", "",0,0,0
			P: "DefaultAttributeIndex", "int", "Integer", "",0
			P: "Lcl Translation", "Lcl Translation", "", "A+",0,9.1940746307373,-0.0471172332763672
			P: "Lcl Rotation", "Lcl Rotation", "", "A+",0.0335306711494923,-2.16425180435181,2.60818839073181
		}
		Shading: Y
		Culling: "CullingOff"
	}
	Model: 2089780231424, "Model::Spine1", "LimbNode" {
		Version: 232
		Properties70:  {
			P: "RotationActive", "bool", "", "",1
			P: "InheritType", "enum", "", "",1
			P: "ScalingMax", "Vector3D", "Vector", "",0,0,0
			P: "DefaultAttributeIndex", "int", "Integer", "",0
			P: "Lcl Translation", "Lcl Translation", "", "A+",-7.62939453125e-06,10.0627365112305,-7.62939453125e-06
			P: "Lcl Rotation", "Lcl Rotation", "", "A+",-5.78401041030884,-1.88842737674713,2.81427955627441
		}
		Shading: Y
		Culling: "CullingOff"
	}
	Model: 2089780239424, "Model::Spine", "LimbNode" {
		Version: 232
		Properties70:  {
			P: "RotationActive", "bool", "", "",1
			P: "InheritType", "enum", "", "",1
			P: "ScalingMax", "Vector3D", "Vector", "",0,0,0
			P: "DefaultAttributeIndex", "int", "Integer", "",0
			P: "Lcl Translation", "Lcl Translation", "", "A+",0,9.13330554962158,-1.01481211185455
			P: "Lcl Rotation", "Lcl Rotation", "", "A+",-0.0354381464421749,-4.2481164932251,6.33733797073364
		}
		Shading: Y
		Culling: "CullingOff"
	}
	Model: 2089780235424, "Model::LeftToeBase", "LimbNode" {
		Version: 232
		Properties70:  {
			P: "RotationActive", "bool", "", "",1
			P: "InheritType", "enum", "", "",1
			P: "ScalingMax", "Vector3D", "Vector", "",0,0,0
			P: "DefaultAttributeIndex", "int", "Integer", "",0
			P: "Lcl Translation", "Lcl Translation", "", "A+",-9.5367431640625e-05,-8.40085029602051,18.0036315917969
			P: "Lcl Rotation", "Lcl Rotation", "", "A+",-3.60502624511719,-2.85130310058594,-19.8497924804688
		}
		Shading: Y
		Culling: "CullingOff"
	}
	Model: 2089780237424, "Model::LeftFoot", "LimbNode" {
		Version: 232
		Properties70:  {
			P: "RotationActive", "bool", "", "",1
			P: "InheritType", "enum", "", "",1
			P: "ScalingMax", "Vector3D", "Vector", "",0,0,0
			P: "DefaultAttributeIndex", "int", "Integer", "",0
			P: "Lcl Translation", "Lcl Translation", "", "A+",5.7220458984375e-05,-44.3202133178711,0.0359115600585938
			P: "Lcl Rotation", "Lcl Rotation", "", "A+",-9.34399318695068,23.2317028045654,7.68460988998413
		}
		Shading: Y
		Culling: "CullingOff"
	}
	Model: 2089781675408, "Model::LeftLeg", "LimbNode" {
		Version: 232
		Properties70:  {
			P: "RotationActive", "bool", "", "",1
			P: "InheritType", "enum", "", "",1
			P: "ScalingMax", "Vector3D", "Vector", "",0,0,0
			P: "DefaultAttributeIndex", "int", "Integer", "",0
			P: "Lcl Translation", "Lcl Translation", "", "A+",3.5527136788005e-15,-43.0781173706055,-0.00411229487508535
			P: "Lcl Rotation", "Lcl Rotation", "", "A+",39.5824966430664,10.2649707794189,1.70056235790253
		}
		Shading: Y
		Culling: "CullingOff"
	}
	Model: 2089781679408, "Model::LeftUpLeg", "LimbNode" {
		Version: 232
		Properties70:  {
			P: "RotationActive", "bool", "", "",1
			P: "InheritType", "enum", "", "",1
			P: "ScalingMax", "Vector3D", "Vector", "",0,0,0
			P: "DefaultAttributeIndex", "int", "Integer", "",0
			P: "Lcl Translation", "Lcl Translation", "", "A+",7.69894504547119,0.114144496619701,-0.0126827219501138
			P: "Lcl Rotation", "Lcl Rotation", "", "A+",-14.7436895370483,19.1405200958252,0.60398942232132
		}
		Shading: Y
		Culling: "CullingOff"
	}
	Model: 2089781677408, "Model::RightToeBase", "LimbNode" {
		Version: 232
		Properties70:  {
			P: "RotationActive", "bool", "", "",1
			P: "InheritType", "enum", "", "",1
			P: "ScalingMax", "Vector3D", "Vector", "",0,0,0
			P: "DefaultAttributeIndex", "int", "Integer", "",0
			P: "Lcl Translation", "Lcl Translation", "", "A+",0,-8.40087413787842,18.0036125183105
			P: "Lcl Rotation", "Lcl Rotation", "", "A+",0,-4.84537574180297e-16,0
		}
		Shading: Y
		Culling: "CullingOff"
	}
	Model: 2089781661408, "Model::RightFoot", "LimbNode" {
		Version: 232
		Properties70:  {
			P: "RotationActive", "bool", "", "",1
			P: "InheritType", "enum", "", "",1
			P: "ScalingMax", "Vector3D", "Vector", "",0,0,0
			P: "DefaultAttributeIndex", "int", "Integer", "",0
			P: "Lcl Translation", "Lcl Translation", "", "A+",2.288818359375e-05,-44.3201560974121,0.0359039306640625
			P: "Lcl Rotation", "Lcl Rotation", "", "A+",-15.0970077514648,0.334514886140823,1.897385597229
		}
		Shading: Y
		Culling: "CullingOff"
	}
	Model: 2089781651408, "Model::RightLeg", "LimbNode" {
		Version: 232
		Properties70:  {
			P: "RotationActive", "bool", "", "",1
			P: "InheritType", "enum", "", "",1
			P: "ScalingMax", "Vector3D", "Vector", "",0,0,0
			P: "DefaultAttributeIndex", "int", "Integer", "",0
			P: "Lcl Translation", "Lcl Translation", "", "A+",4.1961669921875e-05,-43.0781898498535,-0.00408935546875
			P: "Lcl Rotation", "Lcl Rotation", "", "A+",18.8339214324951,-4.29241275787354,1.55528163909912
		}
		Shading: Y
		Culling: "CullingOff"
	}
	Model: 2089781653408, "Model::RightUpLeg", "LimbNode" {
		Version: 232
		Properties70:  {
			P: "RotationActive", "bool", "", "",1
			P: "InheritType", "enum", "", "",1
			P: "ScalingMax", "Vector3D", "Vector", "",0,0,0
			P: "DefaultAttributeIndex", "int", "Integer", "",0
			P: "Lcl Translation", "Lcl Translation", "", "A+",-7.69895172119141,0.116500854492188,-0.0129623413085938
			P: "Lcl Rotation", "Lcl Rotation", "", "A+",-13.7421789169312,4.56907749176025,1.45014786720276
		}
		Shading: Y
		Culling: "CullingOff"
	}
	Model: 2089781667408, "Model::Hips", "LimbNode" {
		Version: 232
		Properties70:  {
			P: "RotationActive", "bool", "", "",1
			P: "InheritType", "enum", "", "",1
			P: "ScalingMax", "Vector3D", "Vector", "",0,0,0
			P: "DefaultAttributeIndex", "int", "Integer", "",0
			P: "Lcl Rotation", "Lcl Rotation", "", "A+",-169.840972900391,65.1627883911133,-176.658569335938
		}
		Shading: Y
		Culling: "CullingOff"
	}
	Model: 2089781657408, "Model::Reference", "Root" {
		Version: 232
		Properties70:  {
			P: "RotationActive", "bool", "", "",1
			P: "InheritType", "enum", "", "",1
			P: "ScalingMax", "Vector3D", "Vector", "",0,0,0
			P: "DefaultAttributeIndex", "int", "Integer", "",0
			P: "Lcl Translation", "Lcl Translation", "", "A+",53.1871910095215,97.0720748901367,-70.0993118286133
			P: "Lcl Rotation", "Lcl Rotation", "", "A+",-179.938339233398,-5.06686401367188,-179.831680297852
		}
		Shading: Y
		Culling: "CullingOff"
	}
	Pose: 2089780121552, "Pose::BindPose", "BindPose" {
		Type: "BindPose"
		Version: 100
		NbPoseNodes: 24
		PoseNode:  {
			Node: 2089780208960
			Matrix: *16 {
				a: 0.866788120775404,-0.183039356199462,-0.463869537439925,0,0.102957072242465,0.975846289653927,-0.192675530994272,0,0.487932572142816,0.119250211952647,0.86469716779422,0,-7.105427357601e-15,10.2325963973999,-0.0322463512420654,1
			} 
		}
		PoseNode:  {
			Node: 2089780085248
			Matrix: *16 {
				a: 0.960740404350495,-0.0463989959849576,-0.273541603088151,0,0.112059465140427,0.966816379498729,0.229583894481757,0,0.253812040141695,-0.251223449352478,0.934059006045418,0,7.105427357601e-15,12.873251914978,0,1
			} 
		}
		PoseNode:  {
			Node: 2089780087232
			Matrix: *16 {
				a: 0.989705122515452,-0.127175892837119,-0.0656510681387252,0,0.133284587772621,0.986116632273559,0.0990414368622405,0,0.0521439270572952,-0.106772092957552,0.992915268810238,0,-24.3004455566406,-6.29425048828125e-05,0.00492715835571289,1
			} 
		}
		PoseNode:  {
			Node: 2089780089216
			Matrix: *16 {
				a: 0.865480535547134,0.345973244670165,-0.362278838136378,0,-0.266163136723281,0.930261033269753,0.252530383576937,0,0.424382642480427,-0.122134859693246,0.897208141296679,0,-29.5696029663086,-8.39233398295391e-05,4.57763671875e-05,1
			} 
		}
		PoseNode:  {
			Node: 2089780091200
			Matrix: *16 {
				a: 0.334175107549697,0.919584561028347,-0.206618567927599,0,-0.938045135359096,0.345816813420859,0.0219557642676918,0,0.0916423566004507,0.186480472633855,0.978175194841379,0,-14.5453910827637,-0.0001068115234375,0,1
			} 
		}
		PoseNode:  {
			Node: 2089780072928
			Matrix: *16 {
				a: 0.994287662600504,0.0989846819442244,-0.0399258906078226,0,-0.102435284074236,0.990055200065129,-0.0964246514156408,0,0.0299842721615464,0.099963661219455,0.994539194732186,0,-2.94174194335937,7.24424743652341,-1.52587890625e-05,1
			} 
		}
		PoseNode:  {
			Node: 2089780077024
			Matrix: *16 {
				a: 0.991627418633464,0.0771077547124556,0.103583091175813,0,-0.0954729825427689,0.977892812013549,0.186039129799682,0,-0.0869481007194592,-0.19437088870363,0.977067032196788,0,24.3004989624023,1.9073486328125e-05,0.00487178564071655,1
			} 
		}
		PoseNode:  {
			Node: 2089780079008
			Matrix: *16 {
				a: 0.951230868380465,-0.220186448076989,0.216050371727026,0,0.041152965360573,0.784689040633718,0.618522063431344,0,-0.305722535123236,-0.579466166046453,0.755481762801225,0,29.5695190429687,1.09672546457773e-05,1.9073486328125e-05,1
			} 
		}
		PoseNode:  {
			Node: 2089780241424
			Matrix: *16 {
				a: 0.312953569937583,-0.930871928850559,0.188513965374882,0,0.921606354907674,0.345607792701687,0.176626669044227,0,-0.229568703566304,0.118459721854762,0.96605667775808,0,14.545337677002,-1.52587890909217e-05,7.62939453125e-06,1
			} 
		}
		PoseNode:  {
			Node: 2089780229424
			Matrix: *16 {
				a: 0.975578856820438,-0.13089448292568,0.176387438511213,0,0.134976999227346,0.990784338881997,-0.0112961721722624,0,-0.173283305036894,0.0348285538859043,0.984255997202815,0,2.94172739982606,7.24422025680539,1.4210854715202e-14,1
			} 
		}
		PoseNode:  {
			Node: 2089780227424
			Matrix: *16 {
				a: 0.999016335991615,0.0341162456045478,0.0283274108901439,0,-0.0368468468121033,0.994076157952207,0.102249215503028,0,-0.0246712444334341,-0.103192412399505,0.99435539708963,0,-7.62939454546085e-06,9.183837890625,-0.0471801757812358,1
			} 
		}
		PoseNode:  {
			Node: 2089780233424
			Matrix: *16 {
				a: 0.998251488494527,0.0454732944391339,0.0377643378243759,0,-0.0455278247046012,0.998962899803077,0.000584803124904061,0,-0.0376985794974938,-0.00230310874246529,0.999286501857196,0,1.4210854715202e-14,9.19407463073732,-0.047117233276353,1
			} 
		}
		PoseNode:  {
			Node: 2089780231424
			Matrix: *16 {
				a: 0.998251479000228,0.0490720301255953,0.0329533083803353,0,-0.0455317436393265,0.993872000217368,-0.100723917244563,0,-0.0376940976151368,0.0990473777708405,0.994368529249444,0,-7.62939453835543e-06,10.0627365112305,-7.62939453125e-06,1
			} 
		}
		PoseNode:  {
			Node: 2089780239424
			Matrix: *16 {
				a: 0.991158643139701,0.110078761524399,0.0740757071564069,0,-0.11033646492836,0.993894101023255,-0.000616813008938847,0,-0.0736913063839952,-0.00756189211969567,0.997252430005057,0,0,9.13330554962158,-1.01481211185455,1
			} 
		}
		PoseNode:  {
			Node: 2089780235424
			Matrix: *16 {
				a: 0.939421587141673,-0.339135086963527,0.0497440891208265,0,0.341825527642052,0.937662753918587,-0.0628002274362423,0,-0.0253454190032864,0.0759996888418126,0.996785662533073,0,-9.53674316548359e-05,-8.4008502960205,18.0036315917969,1
			} 
		}
		PoseNode:  {
			Node: 2089780237424
			Matrix: *16 {
				a: 0.910664568978579,0.122877606026993,-0.394450423683553,0,-0.195414109340632,0.969305754243072,-0.149196785025272,0,0.364010121669256,0.212949404151185,0.906724424835897,0,5.72204589950331e-05,-44.3202133178711,0.035911560058608,1
			} 
		}
		PoseNode:  {
			Node: 2089781675408
			Matrix: *16 {
				a: 0.983560787657459,0.0292010648521815,-0.178200658792657,0,0.0906258431595794,0.773738130066065,0.626989842528159,0,0.156189415564095,-0.6328322083249,0.758372113525002,0,7.105427357601e-15,-43.0781173706055,-0.00411229487507114,1
			} 
		}
		PoseNode:  {
			Node: 2089781679408
			Matrix: *16 {
				a: 0.944664773836628,0.00995865091071086,-0.327886093551146,0,-0.0936352006466381,0.966140608449357,-0.24042623381189,0,0.314389748993277,0.257823873947205,0.913611479651389,0,7.6989450454712,0.114144496619716,-0.0126827219501138,1
			} 
		}
		PoseNode:  {
			Node: 2089781677408
			Matrix: *16 {
				a: 1,1.38777878078145e-17,0,0,1.38777878078145e-17,1,6.93889390390723e-18,0,-5.55111512312578e-17,0,1,0,7.105427357601e-15,-8.40087413787842,18.0036125183106,1
			} 
		}
		PoseNode:  {
			Node: 2089781661408
			Matrix: *16 {
				a: 0.999434693786281,0.0331090092069873,-0.00583835299154339,0,-0.0334866266240373,0.964906537837149,-0.260449647871656,0,-0.00298976481759777,0.260497920814081,0.965469779204858,0,2.288818359375e-05,-44.3201560974121,0.0359039306640767,1
			} 
		}
		PoseNode:  {
			Node: 2089781651408
			Matrix: *16 {
				a: 0.996827689910077,0.0270653216462795,0.0748466765643104,0,-0.0498418113139451,0.945453823104654,0.321920583718622,0,-0.0620511923615022,-0.324629845733532,0.943803535056708,0,4.1961669921875e-05,-43.0781898498535,-0.00408935546875,1
			} 
		}
		PoseNode:  {
			Node: 2089781653408
			Matrix: *16 {
				a: 0.996502757166835,0.0252267270973566,-0.07966095153117,0,-0.0435003840011909,0.970584491051585,-0.236798357937474,0,0.0713440365457746,0.239435498558779,0.968287493712102,0,-7.69895172119141,0.116500854492202,-0.0129623413085795,1
			} 
		}
		PoseNode:  {
			Node: 2089781667408
			Matrix: *16 {
				a: -0.419327464077643,-0.0244825065907076,-0.907504867612979,0,0.102422280304017,0.991978199392154,-0.0740873027449844,0,0.902038887392078,-0.124015558708323,-0.413456148618839,0,0,0,0,1
			} 
		}
		PoseNode:  {
			Node: 2089781657408
			Matrix: *16 {
				a: -0.996088010985754,-0.0029262490373662,0.0883182395488895,0,-0.00303277326622408,0.999994826561576,-0.00107197779768366,0,-0.0883146457659169,-0.00133563342813945,-0.996091732435616,0,53.1871910095215,97.0720748901367,-70.0993118286133,1
			} 
		}
	}
	AnimationStack: 2089780123568, "AnimStack::trix_hit_forward_Diag_arm_short", "" {
	}
	AnimationCurve: 2089780115056, "AnimCurve::", "" {
		Default: 53.1871910095215
		KeyVer: 4009
		KeyTime: *107 {
			a: 0,1539538600,3079077200,4618615800,6158154400,7697693000,9237231600,10776770200,12316308800,13855847400,15395386000,16934924600,18474463200,20014001800,21553540400,23093079000,24632617600,26172156200,27711694800,29251233400,30790772000,32330310600,33869849200,35409387800,36948926400,38488465000,40028003600,41567542200,43107080800,44646619400,46186158000,47725696600,49265235200,50804773800,52344312400,53883851000,55423389600,56962928200,58502466800,60042005400,61581544000,63121082600,64660621200,66200159800,67739698400,69279237000,70818775600,72358314200,73897852800,75437391400,76976930000,78516468600,80056007200,81595545800,83135084400,84674623000,86214161600,87753700200,89293238800,90832777400,92372316000,93911854600,95451393200,96990931800,98530470400,100070009000,101609547600,103149086200,104688624800,106228163400,107767702000,109307240600,110846779200,112386317800,113925856400,115465395000,117004933600,118544472200,120084010800,121623549400,123163088000,124702626600,126242165200,127781703800,129321242400,130860781000,132400319600,133939858200,135479396800,137018935400,138558474000,140098012600,141637551200,143177089800,144716628400,146256167000,147795705600,149335244200,150874782800,152414321400,153953860000,155493398600,157032937200,158572475800,160112014400,161651553000,163191091600
		} 
		KeyValueFloat: *107 {
			a: 0,-0.0008771718,-0.08062936,-0.1504026,-0.2218331,-0.2900731,-0.3516172,-0.4091896,-0.463246,-0.5125206,-0.562114,-0.6070789,-0.6460202,-0.6881937,-0.726946,-0.7609682,-0.7991605,-0.8392632,-0.87526,-0.8999908,-0.8758804,-0.7714269,-0.5312769,-0.1481493,0.402249,1.207239,2.260318,3.513742,4.850901,6.474706,8.34726,10.31912,12.31772,14.23561,16.10384,17.92729,19.69614,21.66721,23.88137,26.26887,28.73844,31.55692,34.66976,37.9391,40.39045,41.88469,43.73826,45.46299,46.957,48.40222,49.62507,50.58398,51.45533,52.3177,53.18719,54.10653,54.99493,55.84352,56.86464,57.6003,58.01768,58.64987,59.23375,59.68055,59.90032,60.15083,60.45142,60.59748,60.7732,61.0092,61.26843,61.48573,61.63618,61.72929,61.81948,61.91048,61.95889,62.00787,62.06327,62.10918,62.15563,62.20723,62.28024,62.35006,62.40745,62.44726,62.48837,62.53361,62.57801,62.61929,62.65766,62.69991,62.75942,62.83303,62.89828,62.94247,62.93808,62.80944,62.58076,62.27724,61.97754,61.7045,61.44759,61.09982,60.632,60.09305,59.5436
		} 
		;KeyAttrFlags: Cubic|TangeantAuto|GenericTimeIndependent, Cubic|TangeantAuto|GenericTimeIndependent, Cubic|TangeantAuto|GenericTimeIndependent, Cubic|TangeantAuto|GenericTimeIndependent, Cubic|TangeantAuto|GenericTimeIndependent, Cubic|TangeantAuto|GenericTimeIndependent, Cubic|TangeantAuto|GenericTimeIndependent, Cubic|TangeantAuto|GenericTimeIndependent, Cubic|TangeantAuto|GenericTimeIndependent, Cubic|TangeantAuto|GenericTimeIndependent, Cubic|TangeantAuto|GenericTimeIndependent, Cubic|TangeantAuto|GenericTimeIndependent, Cubic|TangeantAuto|GenericTimeIndependent, Cubic|TangeantAuto|GenericTimeIndependent, Cubic|TangeantAuto|GenericTimeIndependent, Cubic|TangeantAuto|GenericTimeIndependent, Cubic|TangeantAuto|GenericTimeIndependent, Cubic|TangeantAuto|GenericTimeIndependent, Cubic|TangeantAuto|GenericTimeIndependent, Cubic|TangeantAuto|GenericTimeIndependent, Cubic|TangeantAuto|GenericTimeIndependent, Cubic|TangeantAuto|GenericTimeIndependent, Cubic|TangeantAuto|GenericTimeIndependent, Cubic|TangeantAuto|GenericTimeIndependent, Cubic|TangeantAuto|GenericTimeIndependent, Cubic|TangeantAuto|GenericTimeIndependent, Cubic|TangeantAuto|GenericTimeIndependent, Cubic|TangeantAuto|GenericTimeIndependent, Cubic|TangeantAuto|GenericTimeIndependent, Cubic|TangeantAuto|GenericTimeIndependent, Cubic|TangeantAuto|GenericTimeIndependent, Cubic|TangeantAuto|GenericTimeIndependent, Cubic|TangeantAuto|GenericTimeIndependent, Cubic|TangeantAuto|GenericTimeIndependent, Cubic|TangeantAuto|GenericTimeIndependent, Cubic|TangeantAuto|GenericTimeIndependent, Cubic|TangeantAuto|GenericTimeIndependent, Cubic|TangeantAuto|GenericTimeIndependent, Cubic|TangeantAuto|GenericTimeIndependent, Cubic|TangeantAuto|GenericTimeIndependent, Cubic|TangeantAuto|GenericTimeIndependent, Cubic|TangeantAuto|GenericTimeIndependent, Cubic|TangeantAuto|GenericTimeIndependent, Cubic|TangeantAuto|GenericTimeIndependent, Cubic|TangeantAuto|GenericTimeIndependent, Cubic|TangeantAuto|GenericTimeIndependent, Cubic|TangeantAuto|GenericTimeIndependent, Cubic|TangeantAuto|GenericTimeIndependent, 
		;Cubic|TangeantAuto|GenericTimeIndependent, Cubic|TangeantAuto|GenericTimeIndependent, Cubic|TangeantAuto|GenericTimeIndependent, Cubic|TangeantAuto|GenericTimeIndependent, Cubic|TangeantAuto|GenericTimeIndependent, Cubic|TangeantAuto|GenericTimeIndependent, Cubic|TangeantAuto|GenericTimeIndependent, Cubic|TangeantAuto|GenericTimeIndependent, Cubic|TangeantAuto|GenericTimeIndependent, Cubic|TangeantAuto|GenericTimeIndependent, Cubic|TangeantAuto|GenericTimeIndependent, Cubic|TangeantAuto|GenericTimeIndependent, Cubic|TangeantAuto|GenericTimeIndependent, Cubic|TangeantAuto|GenericTimeIndependent, Cubic|TangeantAuto|GenericTimeIndependent, Cubic|TangeantAuto|GenericTimeIndependent, Cubic|TangeantAuto|GenericTimeIndependent, Cubic|TangeantAuto|GenericTimeIndependent, Cubic|TangeantAuto|GenericTimeIndependent, Cubic|TangeantAuto|GenericTimeIndependent, Cubic|TangeantAuto|GenericTimeIndependent, Cubic|TangeantAuto|GenericTimeIndependent, Cubic|TangeantAuto|GenericTimeIndependent, Cubic|TangeantAuto|GenericTimeIndependent, Cubic|TangeantAuto|GenericTimeIndependent, Cubic|TangeantAuto|GenericTimeIndependent, Cubic|TangeantAuto|GenericTimeIndependent, Cubic|TangeantAuto|GenericTimeIndependent, Cubic|TangeantAuto|GenericTimeIndependent, Cubic|TangeantAuto|GenericTimeIndependent, Cubic|TangeantAuto|GenericTimeIndependent, Cubic|TangeantAuto|GenericTimeIndependent, Cubic|TangeantAuto|GenericTimeIndependent, Cubic|TangeantAuto|GenericTimeIndependent, Cubic|TangeantAuto|GenericTimeIndependent, Cubic|TangeantAuto|GenericTimeIndependent, Cubic|TangeantAuto|GenericTimeIndependent, Cubic|TangeantAuto|GenericTimeIndependent, Cubic|TangeantAuto|GenericTimeIndependent, Cubic|TangeantAuto|GenericTimeIndependent, Cubic|TangeantAuto|GenericTimeIndependent, Cubic|TangeantAuto|GenericTimeIndependent, Cubic|TangeantAuto|GenericTimeIndependent, Cubic|TangeantAuto|GenericTimeIndependent, Cubic|TangeantAuto|GenericTimeIndependent, Cubic|TangeantAuto|GenericTimeIndependent, Cubic|TangeantAuto|GenericTimeIndependent, Cubic|TangeantAuto|GenericTimeIndependent, 
		;Cubic|TangeantAuto|GenericTimeIndependent, Cubic|TangeantAuto|GenericTimeIndependent, Cubic|TangeantAuto|GenericTimeIndependent, Cubic|TangeantAuto|GenericTimeIndependent, Cubic|TangeantAuto|GenericTimeIndependent, Cubic|TangeantAuto|GenericTimeIndependent, Cubic|TangeantAuto|GenericTimeIndependent, Cubic|TangeantAuto|GenericTimeIndependent, Cubic|TangeantAuto|GenericTimeIndependent, Cubic|TangeantAuto|GenericTimeIndependent, Cubic|TangeantAuto|GenericTimeIndependent
		KeyAttrFlags: *107 {
			a: 8456,8456,8456,8456,8456,8456,8456,8456,8456,8456,8456,8456,8456,8456,8456,8456,8456,8456,8456,8456,8456,8456,8456,8456,8456,8456,8456,8456,8456,8456,8456,8456,8456,8456,8456,8456,8456,8456,8456,8456,8456,8456,8456,8456,8456,8456,8456,8456,8456,8456,8456,8456,8456,8456,8456,8456,8456,8456,8456,8456,8456,8456,8456,8456,8456,8456,8456,8456,8456,8456,8456,8456,8456,8456,8456,8456,8456,8456,8456,8456,8456,8456,8456,8456,8456,8456,8456,8456,8456,8456,8456,8456,8456,8456,8456,8456,8456,8456,8456,8456,8456,8456,8456,8456,8456,8456,8456
		} 
		;KeyAttrDataFloat: RightAuto:0, NextLeftAuto:0; RightAuto:0, NextLeftAuto:0; RightAuto:0, NextLeftAuto:0; RightAuto:0, NextLeftAuto:0; RightAuto:0, NextLeftAuto:0; RightAuto:0, NextLeftAuto:0; RightAuto:0, NextLeftAuto:0; RightAuto:0, NextLeftAuto:0; RightAuto:0, NextLeftAuto:0; RightAuto:0, NextLeftAuto:0; RightAuto:0, NextLeftAuto:0; RightAuto:0, NextLeftAuto:0; RightAuto:0, NextLeftAuto:0; RightAuto:0, NextLeftAuto:0; RightAuto:0, NextLeftAuto:0; RightAuto:0, NextLeftAuto:0; RightAuto:0, NextLeftAuto:0; RightAuto:0, NextLeftAuto:0; RightAuto:0, NextLeftAuto:0; RightAuto:0, NextLeftAuto:0; RightAuto:0, NextLeftAuto:0; RightAuto:0, NextLeftAuto:0; RightAuto:0, NextLeftAuto:0; RightAuto:0, NextLeftAuto:0; RightAuto:0, NextLeftAuto:0; RightAuto:0, NextLeftAuto:0; RightAuto:0, NextLeftAuto:0; RightAuto:0, NextLeftAuto:0; RightAuto:0, NextLeftAuto:0; RightAuto:0, NextLeftAuto:0; RightAuto:0, NextLeftAuto:0; RightAuto:0, NextLeftAuto:0; RightAuto:0, NextLeftAuto:0; RightAuto:0, NextLeftAuto:0; RightAuto:0, NextLeftAuto:0; RightAuto:0, NextLeftAuto:0; RightAuto:0, NextLeftAuto:0; RightAuto:0, NextLeftAuto:0; RightAuto:0, NextLeftAuto:0; RightAuto:0, NextLeftAuto:0; RightAuto:0, NextLeftAuto:0; RightAuto:0, NextLeftAuto:0; RightAuto:0, NextLeftAuto:0; RightAuto:0, NextLeftAuto:0; RightAuto:0, NextLeftAuto:0; RightAuto:0, NextLeftAuto:0; RightAuto:0, NextLeftAuto:0; RightAuto:0, NextLeftAuto:0; RightAuto:0, NextLeftAuto:0; RightAuto:0, NextLeftAuto:0; RightAuto:0, NextLeftAuto:0; RightAuto:0, NextLeftAuto:0; RightAuto:0, NextLeftAuto:0; RightAuto:0, NextLeftAuto:0; RightAuto:0, NextLeftAuto:0; RightAuto:0, NextLeftAuto:0; RightAuto:0, NextLeftAuto:0; RightAuto:0, NextLeftAuto:0; RightAuto:0, NextLeftAuto:0; RightAuto:0, NextLeftAuto:0; RightAuto:0, NextLeftAuto:0; RightAuto:0, NextLeftAuto:0; RightAuto:0, NextLeftAuto:0; RightAuto:0, NextLeftAuto:0; RightAuto:0, NextLeftAuto:0; RightAuto:0, NextLeftAuto:0; RightAuto:0, NextLeftAuto:0; RightAuto:0, NextLeftAuto:0; RightAuto:0, NextLeftAuto:0; RightAuto:0, NextLeftAuto:0; RightAuto:0, NextLeftAuto:0; 
