; FBX 7.7.0 project file
; ----------------------------------------------------

FBXHeaderExtension:  {
	FBXHeaderVersion: 1004
	FBXVersion: 7700
	CreationTimeStamp:  {
		Version: 1000
		Year: 2021
		Month: 5
		Day: 12
		Hour: 15
		Minute: 6
		Second: 57
		Millisecond: 139
	}
	Creator: "FBX SDK/FBX Plugins version 2020.2"
	OtherFlags:  {
		TCDefinition: 127
	}
	SceneInfo: "SceneInfo::GlobalInfo", "UserData" {
		Type: "UserData"
		Version: 100
		MetaData:  {
			Version: 100
			Title: ""
			Subject: ""
			Author: ""
			Keywords: ""
			Revision: ""
			Comment: ""
		}
		Properties70:  {
			P: "DocumentUrl", "KString", "Url", "", "D:\GIT\RND\TrixPrototype\Assets\Animations\HitReactons\Side\trix_hit_side_head_short.fbx"
			P: "SrcDocumentUrl", "KString", "Url", "", "D:\GIT\RND\TrixPrototype\Assets\Animations\HitReactons\Side\trix_hit_side_head_short.fbx"
			P: "Original", "Compound", "", ""
			P: "Original|ApplicationVendor", "KString", "", "", ""
			P: "Original|ApplicationName", "KString", "", "", ""
			P: "Original|ApplicationVersion", "KString", "", "", ""
			P: "Original|DateTime_GMT", "DateTime", "", "", ""
			P: "Original|FileName", "KString", "", "", ""
			P: "LastSaved", "Compound", "", ""
			P: "LastSaved|ApplicationVendor", "KString", "", "", ""
			P: "LastSaved|ApplicationName", "KString", "", "", ""
			P: "LastSaved|ApplicationVersion", "KString", "", "", ""
			P: "LastSaved|DateTime_GMT", "DateTime", "", "", ""
		}
	}
}
GlobalSettings:  {
	Version: 1000
	Properties70:  {
		P: "UpAxis", "int", "Integer", "",1
		P: "UpAxisSign", "int", "Integer", "",1
		P: "FrontAxis", "int", "Integer", "",2
		P: "FrontAxisSign", "int", "Integer", "",1
		P: "CoordAxis", "int", "Integer", "",0
		P: "CoordAxisSign", "int", "Integer", "",1
		P: "OriginalUpAxis", "int", "Integer", "",-1
		P: "OriginalUpAxisSign", "int", "Integer", "",1
		P: "UnitScaleFactor", "double", "Number", "",1
		P: "OriginalUnitScaleFactor", "double", "Number", "",1
		P: "AmbientColor", "ColorRGB", "Color", "",0,0,0
		P: "DefaultCamera", "KString", "", "", "Producer Perspective"
		P: "TimeMode", "enum", "", "",0
		P: "TimeProtocol", "enum", "", "",2
		P: "SnapOnFrameMode", "enum", "", "",0
		P: "TimeSpanStart", "KTime", "Time", "",0
		P: "TimeSpanStop", "KTime", "Time", "",46186158000
		P: "CustomFrameRate", "double", "Number", "",-1
		P: "TimeMarker", "Compound", "", ""
		P: "CurrentTimeMarker", "int", "Integer", "",-1
	}
}

; Documents Description
;------------------------------------------------------------------

Documents:  {
	Count: 1
	Document: 2727043919520, "myScene", "Scene" {
		Properties70:  {
			P: "SourceObject", "object", "", ""
			P: "ActiveAnimStackName", "KString", "", "", ""
		}
		RootNode: 0
	}
}

; Document References
;------------------------------------------------------------------

References:  {
}

; Object definitions
;------------------------------------------------------------------

Definitions:  {
	Version: 100
	Count: 340
	ObjectType: "GlobalSettings" {
		Count: 1
	}
	ObjectType: "NodeAttribute" {
		Count: 24
		PropertyTemplate: "FbxSkeleton" {
			Properties70:  {
				P: "Color", "ColorRGB", "Color", "",0.8,0.8,0.8
				P: "Size", "double", "Number", "",100
				P: "LimbLength", "double", "Number", "H",1
			}
		}
	}
	ObjectType: "Model" {
		Count: 24
		PropertyTemplate: "FbxNode" {
			Properties70:  {
				P: "QuaternionInterpolate", "enum", "", "",0
				P: "RotationOffset", "Vector3D", "Vector", "",0,0,0
				P: "RotationPivot", "Vector3D", "Vector", "",0,0,0
				P: "ScalingOffset", "Vector3D", "Vector", "",0,0,0
				P: "ScalingPivot", "Vector3D", "Vector", "",0,0,0
				P: "TranslationActive", "bool", "", "",0
				P: "TranslationMin", "Vector3D", "Vector", "",0,0,0
				P: "TranslationMax", "Vector3D", "Vector", "",0,0,0
				P: "TranslationMinX", "bool", "", "",0
				P: "TranslationMinY", "bool", "", "",0
				P: "TranslationMinZ", "bool", "", "",0
				P: "TranslationMaxX", "bool", "", "",0
				P: "TranslationMaxY", "bool", "", "",0
				P: "TranslationMaxZ", "bool", "", "",0
				P: "RotationOrder", "enum", "", "",0
				P: "RotationSpaceForLimitOnly", "bool", "", "",0
				P: "RotationStiffnessX", "double", "Number", "",0
				P: "RotationStiffnessY", "double", "Number", "",0
				P: "RotationStiffnessZ", "double", "Number", "",0
				P: "AxisLen", "double", "Number", "",10
				P: "PreRotation", "Vector3D", "Vector", "",0,0,0
				P: "PostRotation", "Vector3D", "Vector", "",0,0,0
				P: "RotationActive", "bool", "", "",0
				P: "RotationMin", "Vector3D", "Vector", "",0,0,0
				P: "RotationMax", "Vector3D", "Vector", "",0,0,0
				P: "RotationMinX", "bool", "", "",0
				P: "RotationMinY", "bool", "", "",0
				P: "RotationMinZ", "bool", "", "",0
				P: "RotationMaxX", "bool", "", "",0
				P: "RotationMaxY", "bool", "", "",0
				P: "RotationMaxZ", "bool", "", "",0
				P: "InheritType", "enum", "", "",0
				P: "ScalingActive", "bool", "", "",0
				P: "ScalingMin", "Vector3D", "Vector", "",0,0,0
				P: "ScalingMax", "Vector3D", "Vector", "",1,1,1
				P: "ScalingMinX", "bool", "", "",0
				P: "ScalingMinY", "bool", "", "",0
				P: "ScalingMinZ", "bool", "", "",0
				P: "ScalingMaxX", "bool", "", "",0
				P: "ScalingMaxY", "bool", "", "",0
				P: "ScalingMaxZ", "bool", "", "",0
				P: "GeometricTranslation", "Vector3D", "Vector", "",0,0,0
				P: "GeometricRotation", "Vector3D", "Vector", "",0,0,0
				P: "GeometricScaling", "Vector3D", "Vector", "",1,1,1
				P: "MinDampRangeX", "double", "Number", "",0
				P: "MinDampRangeY", "double", "Number", "",0
				P: "MinDampRangeZ", "double", "Number", "",0
				P: "MaxDampRangeX", "double", "Number", "",0
				P: "MaxDampRangeY", "double", "Number", "",0
				P: "MaxDampRangeZ", "double", "Number", "",0
				P: "MinDampStrengthX", "double", "Number", "",0
				P: "MinDampStrengthY", "double", "Number", "",0
				P: "MinDampStrengthZ", "double", "Number", "",0
				P: "MaxDampStrengthX", "double", "Number", "",0
				P: "MaxDampStrengthY", "double", "Number", "",0
				P: "MaxDampStrengthZ", "double", "Number", "",0
				P: "PreferedAngleX", "double", "Number", "",0
				P: "PreferedAngleY", "double", "Number", "",0
				P: "PreferedAngleZ", "double", "Number", "",0
				P: "LookAtProperty", "object", "", ""
				P: "UpVectorProperty", "object", "", ""
				P: "Show", "bool", "", "",1
				P: "NegativePercentShapeSupport", "bool", "", "",1
				P: "DefaultAttributeIndex", "int", "Integer", "",-1
				P: "Freeze", "bool", "", "",0
				P: "LODBox", "bool", "", "",0
				P: "Lcl Translation", "Lcl Translation", "", "A",0,0,0
				P: "Lcl Rotation", "Lcl Rotation", "", "A",0,0,0
				P: "Lcl Scaling", "Lcl Scaling", "", "A",1,1,1
				P: "Visibility", "Visibility", "", "A",1
				P: "Visibility Inheritance", "Visibility Inheritance", "", "",1
			}
		}
	}
	ObjectType: "Pose" {
		Count: 1
	}
	ObjectType: "AnimationStack" {
		Count: 1
		PropertyTemplate: "FbxAnimStack" {
			Properties70:  {
				P: "Description", "KString", "", "", ""
				P: "LocalStart", "KTime", "Time", "",0
				P: "LocalStop", "KTime", "Time", "",0
				P: "ReferenceStart", "KTime", "Time", "",0
				P: "ReferenceStop", "KTime", "Time", "",0
			}
		}
	}
	ObjectType: "AnimationLayer" {
		Count: 1
		PropertyTemplate: "FbxAnimLayer" {
			Properties70:  {
				P: "Weight", "Number", "", "A",100
				P: "Mute", "bool", "", "",0
				P: "Solo", "bool", "", "",0
				P: "Lock", "bool", "", "",0
				P: "Color", "ColorRGB", "Color", "",0.8,0.8,0.8
				P: "BlendMode", "enum", "", "",0
				P: "RotationAccumulationMode", "enum", "", "",0
				P: "ScaleAccumulationMode", "enum", "", "",0
				P: "BlendModeBypass", "ULongLong", "", "",0
			}
		}
	}
	ObjectType: "AnimationCurveNode" {
		Count: 72
		PropertyTemplate: "FbxAnimCurveNode" {
			Properties70:  {
				P: "d", "Compound", "", ""
			}
		}
	}
	ObjectType: "AnimationCurve" {
		Count: 216
	}
}

; Object properties
;------------------------------------------------------------------

Objects:  {
	NodeAttribute: 2727042998608, "NodeAttribute::Head", "LimbNode" {
		TypeFlags: "Skeleton"
	}
	NodeAttribute: 2727042996880, "NodeAttribute::Neck", "LimbNode" {
		TypeFlags: "Skeleton"
	}
	NodeAttribute: 2727043000144, "NodeAttribute::RightHand", "LimbNode" {
		TypeFlags: "Skeleton"
	}
	NodeAttribute: 2727042998992, "NodeAttribute::RightForeArm", "LimbNode" {
		TypeFlags: "Skeleton"
	}
	NodeAttribute: 2727042997072, "NodeAttribute::RightArm", "LimbNode" {
		TypeFlags: "Skeleton"
	}
	NodeAttribute: 2727042999184, "NodeAttribute::RightShoulder", "LimbNode" {
		TypeFlags: "Skeleton"
	}
	NodeAttribute: 2727042998800, "NodeAttribute::LeftHand", "LimbNode" {
		TypeFlags: "Skeleton"
	}
	NodeAttribute: 2727042999376, "NodeAttribute::LeftForeArm", "LimbNode" {
		TypeFlags: "Skeleton"
	}
	NodeAttribute: 2727042999568, "NodeAttribute::LeftArm", "LimbNode" {
		TypeFlags: "Skeleton"
	}
	NodeAttribute: 2727042999760, "NodeAttribute::LeftShoulder", "LimbNode" {
		TypeFlags: "Skeleton"
	}
	NodeAttribute: 2727042999952, "NodeAttribute::Spine3", "LimbNode" {
		TypeFlags: "Skeleton"
	}
	NodeAttribute: 2727042997264, "NodeAttribute::Spine2", "LimbNode" {
		TypeFlags: "Skeleton"
	}
	NodeAttribute: 2727042997648, "NodeAttribute::Spine1", "LimbNode" {
		TypeFlags: "Skeleton"
	}
	NodeAttribute: 2727042997840, "NodeAttribute::Spine", "LimbNode" {
		TypeFlags: "Skeleton"
	}
	NodeAttribute: 2727042997456, "NodeAttribute::LeftToeBase", "LimbNode" {
		TypeFlags: "Skeleton"
	}
	NodeAttribute: 2727042998032, "NodeAttribute::LeftFoot", "LimbNode" {
		TypeFlags: "Skeleton"
	}
	NodeAttribute: 2727045282144, "NodeAttribute::LeftLeg", "LimbNode" {
		TypeFlags: "Skeleton"
	}
	NodeAttribute: 2727045279456, "NodeAttribute::LeftUpLeg", "LimbNode" {
		TypeFlags: "Skeleton"
	}
	NodeAttribute: 2727045285600, "NodeAttribute::RightToeBase", "LimbNode" {
		TypeFlags: "Skeleton"
	}
	NodeAttribute: 2727045286944, "NodeAttribute::RightFoot", "LimbNode" {
		TypeFlags: "Skeleton"
	}
	NodeAttribute: 2727045284640, "NodeAttribute::RightLeg", "LimbNode" {
		TypeFlags: "Skeleton"
	}
	NodeAttribute: 2727045280032, "NodeAttribute::RightUpLeg", "LimbNode" {
		TypeFlags: "Skeleton"
	}
	NodeAttribute: 2727045281568, "NodeAttribute::Hips", "LimbNode" {
		TypeFlags: "Skeleton"
	}
	NodeAttribute: 2727045281184, "NodeAttribute::Reference", "Root" {
		TypeFlags: "Null", "Skeleton", "Root"
	}
	Model: 2727045412064, "Model::Head", "LimbNode" {
		Version: 232
		Properties70:  {
			P: "RotationActive", "bool", "", "",1
			P: "InheritType", "enum", "", "",1
			P: "ScalingMax", "Vector3D", "Vector", "",0,0,0
			P: "DefaultAttributeIndex", "int", "Integer", "",0
			P: "Lcl Translation", "Lcl Translation", "", "A+",-2.288818359375e-05,10.2325744628906,-0.0321922302246094
			P: "Lcl Rotation", "Lcl Rotation", "", "A+",-17.524019241333,-5.50756978988647,2.72094750404358
		}
		Shading: Y
		Culling: "CullingOff"
	}
	Model: 2727045416112, "Model::Neck", "LimbNode" {
		Version: 232
		Properties70:  {
			P: "RotationActive", "bool", "", "",1
			P: "InheritType", "enum", "", "",1
			P: "ScalingMax", "Vector3D", "Vector", "",0,0,0
			P: "DefaultAttributeIndex", "int", "Integer", "",0
			P: "Lcl Translation", "Lcl Translation", "", "A+",-5.340576171875e-05,12.8733215332031,-1.9073486328125e-06
			P: "Lcl Rotation", "Lcl Rotation", "", "A+",10.0163612365723,-3.22901749610901,0.716484606266022
		}
		Shading: Y
		Culling: "CullingOff"
	}
	Model: 2727045287392, "Model::RightHand", "LimbNode" {
		Version: 232
		Properties70:  {
			P: "RotationActive", "bool", "", "",1
			P: "InheritType", "enum", "", "",1
			P: "ScalingMax", "Vector3D", "Vector", "",0,0,0
			P: "DefaultAttributeIndex", "int", "Integer", "",0
			P: "Lcl Translation", "Lcl Translation", "", "A+",-24.3006324768066,0.000148773193359375,0.004913330078125
			P: "Lcl Rotation", "Lcl Rotation", "", "A+",6.36814880371094,3.30018615722656,-4.9140625
		}
		Shading: Y
		Culling: "CullingOff"
	}
	Model: 2727045289376, "Model::RightForeArm", "LimbNode" {
		Version: 232
		Properties70:  {
			P: "RotationActive", "bool", "", "",1
			P: "InheritType", "enum", "", "",1
			P: "ScalingMax", "Vector3D", "Vector", "",0,0,0
			P: "DefaultAttributeIndex", "int", "Integer", "",0
			P: "Lcl Translation", "Lcl Translation", "", "A+",-29.5696487426758,1.52587890625e-05,8.0108642578125e-05
			P: "Lcl Rotation", "Lcl Rotation", "", "A+",22.1862735748291,17.686595916748,16.5241718292236
		}
		Shading: Y
		Culling: "CullingOff"
	}
	Model: 2727045291360, "Model::RightArm", "LimbNode" {
		Version: 232
		Properties70:  {
			P: "RotationActive", "bool", "", "",1
			P: "InheritType", "enum", "", "",1
			P: "ScalingMax", "Vector3D", "Vector", "",0,0,0
			P: "DefaultAttributeIndex", "int", "Integer", "",0
			P: "Lcl Translation", "Lcl Translation", "", "A+",-14.5454254150391,-6.103515625e-05,-3.93390655517578e-05
			P: "Lcl Rotation", "Lcl Rotation", "", "A+",-0.718358337879181,14.9756317138672,68.824821472168
		}
		Shading: Y
		Culling: "CullingOff"
	}
	Model: 2727045293344, "Model::RightShoulder", "LimbNode" {
		Version: 232
		Properties70:  {
			P: "RotationActive", "bool", "", "",1
			P: "InheritType", "enum", "", "",1
			P: "ScalingMax", "Vector3D", "Vector", "",0,0,0
			P: "DefaultAttributeIndex", "int", "Integer", "",0
			P: "Lcl Translation", "Lcl Translation", "", "A+",-2.94174957275391,7.24421691894531,-1.33514404296875e-05
			P: "Lcl Rotation", "Lcl Rotation", "", "A+",-3.81494450569153,4.82751750946045,7.99674034118652
		}
		Shading: Y
		Culling: "CullingOff"
	}
	Model: 2727045434496, "Model::LeftHand", "LimbNode" {
		Version: 232
		Properties70:  {
			P: "RotationActive", "bool", "", "",1
			P: "InheritType", "enum", "", "",1
			P: "ScalingMax", "Vector3D", "Vector", "",0,0,0
			P: "DefaultAttributeIndex", "int", "Integer", "",0
			P: "Lcl Translation", "Lcl Translation", "", "A+",24.3005218505859,-3.814697265625e-05,0.00500869750976563
			P: "Lcl Rotation", "Lcl Rotation", "", "A+",-0.903741717338562,-1.11084377765656,17.2633647918701
		}
		Shading: Y
		Culling: "CullingOff"
	}
	Model: 2727045436480, "Model::LeftForeArm", "LimbNode" {
		Version: 232
		Properties70:  {
			P: "RotationActive", "bool", "", "",1
			P: "InheritType", "enum", "", "",1
			P: "ScalingMax", "Vector3D", "Vector", "",0,0,0
			P: "DefaultAttributeIndex", "int", "Integer", "",0
			P: "Lcl Translation", "Lcl Translation", "", "A+",29.5695571899414,0.0001220703125,0.000157348811626434
			P: "Lcl Rotation", "Lcl Rotation", "", "A+",30.58154296875,-14.0956115722656,-21.041015625
		}
		Shading: Y
		Culling: "CullingOff"
	}
	Model: 2727045440544, "Model::LeftArm", "LimbNode" {
		Version: 232
		Properties70:  {
			P: "RotationActive", "bool", "", "",1
			P: "InheritType", "enum", "", "",1
			P: "ScalingMax", "Vector3D", "Vector", "",0,0,0
			P: "DefaultAttributeIndex", "int", "Integer", "",0
			P: "Lcl Translation", "Lcl Translation", "", "A+",14.5453872680664,4.57763671875e-05,8.58306884765625e-05
			P: "Lcl Rotation", "Lcl Rotation", "", "A+",8.65286254882813,-23.1707611083984,-69.3148193359375
		}
		Shading: Y
		Culling: "CullingOff"
	}
	Model: 2727045452544, "Model::LeftShoulder", "LimbNode" {
		Version: 232
		Properties70:  {
			P: "RotationActive", "bool", "", "",1
			P: "InheritType", "enum", "", "",1
			P: "ScalingMax", "Vector3D", "Vector", "",0,0,0
			P: "DefaultAttributeIndex", "int", "Integer", "",0
			P: "Lcl Translation", "Lcl Translation", "", "A+",2.94172668457031,7.24417114257813,3.814697265625e-06
			P: "Lcl Rotation", "Lcl Rotation", "", "A+",-2.08482360839844,-10.3935546875,-4.03535461425781
		}
		Shading: Y
		Culling: "CullingOff"
	}
	Model: 2727045442544, "Model::Spine3", "LimbNode" {
		Version: 232
		Properties70:  {
			P: "RotationActive", "bool", "", "",1
			P: "InheritType", "enum", "", "",1
			P: "ScalingMax", "Vector3D", "Vector", "",0,0,0
			P: "DefaultAttributeIndex", "int", "Integer", "",0
			P: "Lcl Translation", "Lcl Translation", "", "A+",-2.86102294921875e-06,9.183837890625,-0.0471649169921875
			P: "Lcl Rotation", "Lcl Rotation", "", "A+",7.42581176757813,0.194961547851563,-0.31268310546875
		}
		Shading: Y
		Culling: "CullingOff"
	}
	Model: 2727045438544, "Model::Spine2", "LimbNode" {
		Version: 232
		Properties70:  {
			P: "RotationActive", "bool", "", "",1
			P: "InheritType", "enum", "", "",1
			P: "ScalingMax", "Vector3D", "Vector", "",0,0,0
			P: "DefaultAttributeIndex", "int", "Integer", "",0
			P: "Lcl Translation", "Lcl Translation", "", "A+",2.288818359375e-05,9.19407653808594,-0.0471134185791016
			P: "Lcl Rotation", "Lcl Rotation", "", "A+",2.11860656738281,0.2618408203125,-0.415725708007813
		}
		Shading: Y
		Culling: "CullingOff"
	}
	Model: 2727045444544, "Model::Spine1", "LimbNode" {
		Version: 232
		Properties70:  {
			P: "RotationActive", "bool", "", "",1
			P: "InheritType", "enum", "", "",1
			P: "ScalingMax", "Vector3D", "Vector", "",0,0,0
			P: "DefaultAttributeIndex", "int", "Integer", "",0
			P: "Lcl Translation", "Lcl Translation", "", "A+",0,10.0627536773682,7.105427357601e-15
			P: "Lcl Rotation", "Lcl Rotation", "", "A+",-3.70172119140625,0.218292236328125,-0.440139770507813
		}
		Shading: Y
		Culling: "CullingOff"
	}
	Model: 2727045446544, "Model::Spine", "LimbNode" {
		Version: 232
		Properties70:  {
			P: "RotationActive", "bool", "", "",1
			P: "InheritType", "enum", "", "",1
			P: "ScalingMax", "Vector3D", "Vector", "",0,0,0
			P: "DefaultAttributeIndex", "int", "Integer", "",0
			P: "Lcl Translation", "Lcl Translation", "", "A+",2.8421709430404e-14,9.13330554962158,-1.01481211185455
			P: "Lcl Rotation", "Lcl Rotation", "", "A+",4.77804565429688,0.513824462890625,-0.978500366210938
		}
		Shading: Y
		Culling: "CullingOff"
	}
	Model: 2727045448544, "Model::LeftToeBase", "LimbNode" {
		Version: 232
		Properties70:  {
			P: "RotationActive", "bool", "", "",1
			P: "InheritType", "enum", "", "",1
			P: "ScalingMax", "Vector3D", "Vector", "",0,0,0
			P: "DefaultAttributeIndex", "int", "Integer", "",0
			P: "Lcl Translation", "Lcl Translation", "", "A+",9.918212890625e-05,-8.40084838867188,18.0036220550537
			P: "Lcl Rotation", "Lcl Rotation", "", "A+",5.00895657751244e-06,5.00895521327038e-06,5.00895748700714e-06
		}
		Shading: Y
		Culling: "CullingOff"
	}
	Model: 2727045450544, "Model::LeftFoot", "LimbNode" {
		Version: 232
		Properties70:  {
			P: "RotationActive", "bool", "", "",1
			P: "InheritType", "enum", "", "",1
			P: "ScalingMax", "Vector3D", "Vector", "",0,0,0
			P: "DefaultAttributeIndex", "int", "Integer", "",0
			P: "Lcl Translation", "Lcl Translation", "", "A+",0.00012969970703125,-44.3202514648438,0.0356998443603516
			P: "Lcl Rotation", "Lcl Rotation", "", "A+",-2.23061442375183,11.7274265289307,0.787548720836639
		}
		Shading: Y
		Culling: "CullingOff"
	}
	Model: 2727045507664, "Model::LeftLeg", "LimbNode" {
		Version: 232
		Properties70:  {
			P: "RotationActive", "bool", "", "",1
			P: "InheritType", "enum", "", "",1
			P: "ScalingMax", "Vector3D", "Vector", "",0,0,0
			P: "DefaultAttributeIndex", "int", "Integer", "",0
			P: "Lcl Translation", "Lcl Translation", "", "A+",5.340576171875e-05,-43.0780982971191,-0.00403594970703125
			P: "Lcl Rotation", "Lcl Rotation", "", "A+",23.5576210021973,-13.6107273101807,1.76309633255005
		}
		Shading: Y
		Culling: "CullingOff"
	}
	Model: 2727045499664, "Model::LeftUpLeg", "LimbNode" {
		Version: 232
		Properties70:  {
			P: "RotationActive", "bool", "", "",1
			P: "InheritType", "enum", "", "",1
			P: "ScalingMax", "Vector3D", "Vector", "",0,0,0
			P: "DefaultAttributeIndex", "int", "Integer", "",0
			P: "Lcl Translation", "Lcl Translation", "", "A+",7.69894504547119,0.114144496619701,-0.0126827219501138
			P: "Lcl Rotation", "Lcl Rotation", "", "A+",-19.1552028656006,6.64952802658081,6.20276117324829
		}
		Shading: Y
		Culling: "CullingOff"
	}
	Model: 2727045505664, "Model::RightToeBase", "LimbNode" {
		Version: 232
		Properties70:  {
			P: "RotationActive", "bool", "", "",1
			P: "InheritType", "enum", "", "",1
			P: "ScalingMax", "Vector3D", "Vector", "",0,0,0
			P: "DefaultAttributeIndex", "int", "Integer", "",0
			P: "Lcl Translation", "Lcl Translation", "", "A+",-2.288818359375e-05,-8.40087890625,18.0036163330078
			P: "Lcl Rotation", "Lcl Rotation", "", "A+",0,2.98177006191256e-15,0
		}
		Shading: Y
		Culling: "CullingOff"
	}
	Model: 2727045501664, "Model::RightFoot", "LimbNode" {
		Version: 232
		Properties70:  {
			P: "RotationActive", "bool", "", "",1
			P: "InheritType", "enum", "", "",1
			P: "ScalingMax", "Vector3D", "Vector", "",0,0,0
			P: "DefaultAttributeIndex", "int", "Integer", "",0
			P: "Lcl Translation", "Lcl Translation", "", "A+",5.340576171875e-05,-44.3201942443848,0.0359477996826172
			P: "Lcl Rotation", "Lcl Rotation", "", "A+",-11.4099273681641,-8.47454833984375,-4.15470886230469
		}
		Shading: Y
		Culling: "CullingOff"
	}
	Model: 2727045509664, "Model::RightLeg", "LimbNode" {
		Version: 232
		Properties70:  {
			P: "RotationActive", "bool", "", "",1
			P: "InheritType", "enum", "", "",1
			P: "ScalingMax", "Vector3D", "Vector", "",0,0,0
			P: "DefaultAttributeIndex", "int", "Integer", "",0
			P: "Lcl Translation", "Lcl Translation", "", "A+",4.57763671875e-05,-43.0781478881836,-0.00405502319335938
			P: "Lcl Rotation", "Lcl Rotation", "", "A+",40.7916412353516,4.44300842285156,-0.474105834960938
		}
		Shading: Y
		Culling: "CullingOff"
	}
	Model: 2727045503664, "Model::RightUpLeg", "LimbNode" {
		Version: 232
		Properties70:  {
			P: "RotationActive", "bool", "", "",1
			P: "InheritType", "enum", "", "",1
			P: "ScalingMax", "Vector3D", "Vector", "",0,0,0
			P: "DefaultAttributeIndex", "int", "Integer", "",0
			P: "Lcl Translation", "Lcl Translation", "", "A+",-7.69894504547119,0.116509385406971,-0.0129454880952835
			P: "Lcl Rotation", "Lcl Rotation", "", "A+",-29.2287139892578,1.38981628417969,-3.55538940429688
		}
		Shading: Y
		Culling: "CullingOff"
	}
	Model: 2727045487664, "Model::Hips", "LimbNode" {
		Version: 232
		Properties70:  {
			P: "RotationActive", "bool", "", "",1
			P: "InheritType", "enum", "", "",1
			P: "ScalingMax", "Vector3D", "Vector", "",0,0,0
			P: "DefaultAttributeIndex", "int", "Integer", "",0
			P: "Lcl Rotation", "Lcl Rotation", "", "A+",-176.594024658203,33.0137138366699,174.550964355469
		}
		Shading: Y
		Culling: "CullingOff"
	}
	Model: 2727045495664, "Model::Reference", "Root" {
		Version: 232
		Properties70:  {
			P: "RotationActive", "bool", "", "",1
			P: "InheritType", "enum", "", "",1
			P: "ScalingMax", "Vector3D", "Vector", "",0,0,0
			P: "DefaultAttributeIndex", "int", "Integer", "",0
			P: "Lcl Translation", "Lcl Translation", "", "A+",84.6636505126953,95.5605621337891,2.51084518432617
			P: "Lcl Rotation", "Lcl Rotation", "", "A+",180,-44.0618438720703,180
		}
		Shading: Y
		Culling: "CullingOff"
	}
	Pose: 2727043918848, "Pose::BindPose", "BindPose" {
		Type: "BindPose"
		Version: 100
		NbPoseNodes: 24
		PoseNode:  {
			Node: 2727045412064
			Matrix: *16 {
				a: 0.994261317378869,0.0472524930266797,0.0959772611965996,0,-0.0164018159189849,0.953887611734397,-0.29971553949405,0,-0.105713826903563,0.296421365765717,0.949188580166761,0,-2.288818359375e-05,10.2325744628906,-0.0321922302246094,1
			} 
		}
		PoseNode:  {
			Node: 2727045416112
			Matrix: *16 {
				a: 0.99833430273386,0.0124848366298032,0.0563271589841349,0,-0.0221102770099104,0.984558623557734,0.173653253435244,0,-0.0532893576189647,-0.174609408774061,0.983194690146428,0,-5.34057617329609e-05,12.8733215332031,-1.90734863458886e-06,1
			} 
		}
		PoseNode:  {
			Node: 2727045287392
			Matrix: *16 {
				a: 0.994672026963795,-0.0855194020567677,-0.0575672706282618,0,0.0914945949294488,0.989629751855629,0.11073253063514,0,0.0475005039387026,-0.115409644805012,0.992181594271709,0,-24.3006324768066,0.000148773193359375,0.00491333007811079,1
			} 
		}
		PoseNode:  {
			Node: 2727045289376
			Matrix: *16 {
				a: 0.913384564432613,0.270976033738622,-0.303810181849672,0,-0.153375341903708,0.920348646045156,0.359769890650634,0,0.377100307547165,-0.282011274352877,0.882193289016472,0,-29.5696487426758,1.52587890625e-05,8.01086425710196e-05,1
			} 
		}
		PoseNode:  {
			Node: 2727045291360
			Matrix: *16 {
				a: 0.348952074121976,0.90080944077747,-0.258408206859136,0,-0.933577355810341,0.358171230908154,-0.0121115675249523,0,0.0816441711584145,0.245470407087944,0.965959889726243,0,-14.5454254150391,-6.103515625e-05,-3.93390655499815e-05,1
			} 
		}
		PoseNode:  {
			Node: 2727045293344
			Matrix: *16 {
				a: 0.986763036612438,0.138623253735929,-0.084156420426876,0,-0.144353329394217,0.98730272679503,-0.0662981293544785,0,0.0738974009570404,0.0775688029220684,0.994244564956244,0,-2.94174957275391,7.24421691894534,-1.33514404243584e-05,1
			} 
		}
		PoseNode:  {
			Node: 2727045434496
			Matrix: *16 {
				a: 0.954771274730784,0.296708560879763,0.019386666799948,0,-0.296435415040283,0.954922699930151,-0.0157696502182212,0,-0.0231917584250783,0.00930951442181938,0.999687688872071,0,24.3005218505859,-3.81469726420391e-05,0.00500869750975497,1
			} 
		}
		PoseNode:  {
			Node: 2727045436480
			Matrix: *16 {
				a: 0.905221898599093,-0.348225830474273,0.243540726136631,0,0.193453115640698,0.847990190916619,0.493445567573671,0,-0.378350639414764,-0.399564021277817,0.834984662466766,0,29.5695571899414,0.0001220703125,0.000157348811630875,1
			} 
		}
		PoseNode:  {
			Node: 2727045440544
			Matrix: *16 {
				a: 0.324739795364975,-0.860071632615422,0.393472809831325,0,0.903976824137133,0.404593287164812,0.138311870076708,0,-0.278154573446597,0.310774932630377,0.908872364262071,0,14.5453872680664,4.57763671590783e-05,8.58306884801152e-05,1
			} 
		}
		PoseNode:  {
			Node: 2727045452544
			Matrix: *16 {
				a: 0.981153267347814,-0.0692173316899393,0.180408500261029,0,0.0768722410945978,0.996398665406133,-0.0357820922525504,0,-0.177282047940006,0.0489761224537114,0.982940697553823,0,2.94172668457031,7.24417114257813,3.81469726740136e-06,1
			} 
		}
		PoseNode:  {
			Node: 2727045442544
			Matrix: *16 {
				a: 0.999979319541002,-0.00545729102295938,-0.00340271435839187,0,0.00585132045532522,0.991595872900336,0.129241583462713,0,0.00266880858121593,-0.129258821059574,0.991607298601138,0,-2.86102294921875e-06,9.18383789062504,-0.0471649169921902,1
			} 
		}
		PoseNode:  {
			Node: 2727045438544
			Matrix: *16 {
				a: 0.999963234840641,-0.0072556429581461,-0.00456996852342303,0,0.00741969823558649,0.999288910303595,0.0369678484949754,0,0.00429849335628266,-0.0370003971535242,0.999306005968816,0,2.288818359375e-05,9.19407653808594,-0.0471134185791025,1
			} 
		}
		PoseNode:  {
			Node: 2727045444544
			Matrix: *16 {
				a: 0.999963236926579,-0.00768175685886643,-0.00380990903834386,0,0.00741981670673159,0.997886124787036,-0.0645618174895257,0,0.00429780355038509,0.0645311751719553,0.997906436654043,0,1.4210854715202e-14,10.0627536773682,4.44089209850063e-15,1
			} 
		}
		PoseNode:  {
			Node: 2727045446544
			Matrix: *16 {
				a: 0.99981396785637,-0.0170765362680791,-0.00896780844948253,0,0.0177647507405251,0.996366773378786,0.0832926559660274,0,0.00751287630862146,-0.0834364717364833,0.996484777542406,0,2.8421709430404e-14,9.1333055496216,-1.01481211185455,1
			} 
		}
		PoseNode:  {
			Node: 2727045448544
			Matrix: *16 {
				a: 0.999999999999993,8.7422800242043e-08,-8.74227605585087e-08,0,-8.74227926439541e-08,0.999999999999993,8.7422784345037e-08,0,8.74227680525141e-08,-8.74227767122537e-08,0.999999999999993,0,9.918212890625e-05,-8.40084838867187,18.0036220550537,1
			} 
		}
		PoseNode:  {
			Node: 2727045450544
			Matrix: *16 {
				a: 0.97903313406613,0.0134579695202424,-0.203256009645576,0,-0.0216447990185031,0.999039131645242,-0.0381092655002544,0,0.202547834044452,0.0417096691177538,0.978383707154809,0,0.00012969970703125,-44.3202514648438,0.0356998443603498,1
			} 
		}
		PoseNode:  {
			Node: 2727045507664
			Matrix: *16 {
				a: 0.971456837980069,0.0299029495535548,0.235324086208286,0,-0.122210534959268,0.913330934277173,0.388447151665908,0,-0.203313051934048,-0.406118724144042,0.890916036904084,0,5.340576171875e-05,-43.0780982971191,-0.00403594970703125,1
			} 
		}
		PoseNode:  {
			Node: 2727045499664
			Matrix: *16 {
				a: 0.987458179092454,0.107320435604626,-0.115795805818038,0,-0.139838464707138,0.934997747656702,-0.325920873319346,0,0.0732908475306862,0.338025939801265,0.938278698303284,0,7.69894504547118,0.114144496619716,-0.0126827219501173,1
			} 
		}
		PoseNode:  {
			Node: 2727045505664
			Matrix: *16 {
				a: 1,-1.73472347597681e-18,-8.32667268468867e-17,0,2.77555756156289e-17,1,-1.38777878078145e-17,0,5.55111512312578e-17,4.16333634234434e-17,1,0,-2.28881835795391e-05,-8.40087890625,18.0036163330078,1
			} 
		}
		PoseNode:  {
			Node: 2727045501664
			Matrix: *16 {
				a: 0.986482177269351,-0.071658768933903,0.147370060612046,0,0.100095175304943,0.975548720110096,-0.19566719339794,0,-0.12974540381298,0.207773231015046,0.969534122485112,0,5.34057617329609e-05,-44.3201942443848,0.0359477996826172,1
			} 
		}
		PoseNode:  {
			Node: 2727045509664
			Matrix: *16 {
				a: 0.996960750752163,-0.00824974721321942,-0.0774674327095013,0,0.0568731583974567,0.756645674314956,0.651346887145676,0,0.0532419506928601,-0.653773099179969,0.754815228698412,0,4.57763671875e-05,-43.0781478881836,-0.00405502319335938,1
			} 
		}
		PoseNode:  {
			Node: 2727045503664
			Matrix: *16 {
				a: 0.997781697481913,-0.0619951918655269,-0.0242544914535334,0,0.0422971258390287,0.871732295253657,-0.48815341702947,0,0.0514065882535535,0.486044649798089,0.872420747739749,0,-7.69894504547121,0.116509385406971,-0.0129454880952871,1
			} 
		}
		PoseNode:  {
			Node: 2727045487664
			Matrix: *16 {
				a: -0.834750870056264,0.0796280391274078,-0.544839756556948,0,0.127015496128608,0.990648889992059,-0.0498180740364823,0,0.535777984508055,-0.110788772636152,-0.837059017736659,0,0,0,0,1
			} 
		}
		PoseNode:  {
			Node: 2727045495664
			Matrix: *16 {
				a: -0.718589581658374,8.80018431078564e-17,0.695434406060013,0,2.07630831854569e-16,1,8.80018431078564e-17,0,-0.695434406060013,2.07630831854569e-16,-0.718589581658374,0,84.6636505126953,95.5605621337891,2.51084518432617,1
			} 
		}
	}
	AnimationStack: 2727045185232, "AnimStack::trix_hit_side_head_short", "" {
	}
	AnimationCurve: 2727045633264, "AnimCurve::", "" {
		Default: 84.6636505126953
		KeyVer: 4009
		KeyTime: *108 {
			a: 0,1539538600,3079077200,4618615800,6158154400,7697693000,9237231600,10776770200,12316308800,13855847400,15395386000,16934924600,18474463200,20014001800,21553540400,23093079000,24632617600,26172156200,27711694800,29251233400,30790772000,32330310600,33869849200,35409387800,36948926400,38488465000,40028003600,41567542200,43107080800,44646619400,46186158000,47725696600,49265235200,50804773800,52344312400,53883851000,55423389600,56962928200,58502466800,60042005400,61581544000,63121082600,64660621200,66200159800,67739698400,69279237000,70818775600,72358314200,73897852800,75437391400,76976930000,78516468600,80056007200,81595545800,83135084400,84674623000,86214161600,87753700200,89293238800,90832777400,92372316000,93911854600,95451393200,96990931800,98530470400,100070009000,101609547600,103149086200,104688624800,106228163400,107767702000,109307240600,110846779200,112386317800,113925856400,115465395000,117004933600,118544472200,120084010800,121623549400,123163088000,124702626600,126242165200,127781703800,129321242400,130860781000,132400319600,133939858200,135479396800,137018935400,138558474000,140098012600,141637551200,143177089800,144716628400,146256167000,147795705600,149335244200,150874782800,152414321400,153953860000,155493398600,157032937200,158572475800,160112014400,161651553000,163191091600,164730630200
		} 
		KeyValueFloat: *108 {
			a: 0,-0.0003515715,-0.06197826,-0.1006277,-0.1042937,-0.0835444,-0.04306208,0.004603766,0.05165402,0.09921911,0.1482097,0.2007582,0.2595985,0.319214,0.3724484,0.421673,0.4692912,0.5125754,0.5549618,0.5991334,0.6471253,0.7000463,0.7464686,0.7863262,0.8207645,0.8408272,0.870218,0.9139542,0.9626088,1.002789,1.032841,1.051673,1.049799,1.030568,1.014049,1.010098,1.024528,1.062668,1.147942,1.292933,1.496746,1.756183,2.089321,2.50273,2.95203,3.439083,3.904908,4.27012,4.534086,4.688101,4.656163,4.549753,4.764399,5.885002,8.000365,10.52686,13.28638,16.32985,19.38258,22.28045,25.1976,28.20728,31.12396,34.17635,37.55496,41.34661,45.75526,50.44676,55.00244,59.48259,63.33728,66.46884,69.14374,71.61564,74.09808,76.78913,79.49437,82.06987,84.66365,87.37787,89.59717,91.33583,92.60526,93.5106,94.19192,94.80753,95.32236,95.77367,96.16035,96.48134,96.75523,96.9469,97.14143,97.37648,97.66562,97.94478,98.22343,98.52469,98.8195,99.12313,99.44047,-149.9275,-150.143,-150.354,-150.5234,-150.6606,-150.7905,-150.8522
		} 
		;KeyAttrFlags: Cubic|TangeantAuto|GenericTimeIndependent, Cubic|TangeantAuto|GenericTimeIndependent, Cubic|TangeantAuto|GenericTimeIndependent, Cubic|TangeantAuto|GenericTimeIndependent, Cubic|TangeantAuto|GenericTimeIndependent, Cubic|TangeantAuto|GenericTimeIndependent, Cubic|TangeantAuto|GenericTimeIndependent, Cubic|TangeantAuto|GenericTimeIndependent, Cubic|TangeantAuto|GenericTimeIndependent, Cubic|TangeantAuto|GenericTimeIndependent, Cubic|TangeantAuto|GenericTimeIndependent, Cubic|TangeantAuto|GenericTimeIndependent, Cubic|TangeantAuto|GenericTimeIndependent, Cubic|TangeantAuto|GenericTimeIndependent, Cubic|TangeantAuto|GenericTimeIndependent, Cubic|TangeantAuto|GenericTimeIndependent, Cubic|TangeantAuto|GenericTimeIndependent, Cubic|TangeantAuto|GenericTimeIndependent, Cubic|TangeantAuto|GenericTimeIndependent, Cubic|TangeantAuto|GenericTimeIndependent, Cubic|TangeantAuto|GenericTimeIndependent, Cubic|TangeantAuto|GenericTimeIndependent, Cubic|TangeantAuto|GenericTimeIndependent, Cubic|TangeantAuto|GenericTimeIndependent, Cubic|TangeantAuto|GenericTimeIndependent, Cubic|TangeantAuto|GenericTimeIndependent, Cubic|TangeantAuto|GenericTimeIndependent, Cubic|TangeantAuto|GenericTimeIndependent, Cubic|TangeantAuto|GenericTimeIndependent, Cubic|TangeantAuto|GenericTimeIndependent, Cubic|TangeantAuto|GenericTimeIndependent, Cubic|TangeantAuto|GenericTimeIndependent, Cubic|TangeantAuto|GenericTimeIndependent, Cubic|TangeantAuto|GenericTimeIndependent, Cubic|TangeantAuto|GenericTimeIndependent, Cubic|TangeantAuto|GenericTimeIndependent, Cubic|TangeantAuto|GenericTimeIndependent, Cubic|TangeantAuto|GenericTimeIndependent, Cubic|TangeantAuto|GenericTimeIndependent, Cubic|TangeantAuto|GenericTimeIndependent, Cubic|TangeantAuto|GenericTimeIndependent, Cubic|TangeantAuto|GenericTimeIndependent, Cubic|TangeantAuto|GenericTimeIndependent, Cubic|TangeantAuto|GenericTimeIndependent, Cubic|TangeantAuto|GenericTimeIndependent, Cubic|TangeantAuto|GenericTimeIndependent, Cubic|TangeantAuto|GenericTimeIndependent, Cubic|TangeantAuto|GenericTimeIndependent, 
		;Cubic|TangeantAuto|GenericTimeIndependent, Cubic|TangeantAuto|GenericTimeIndependent, Cubic|TangeantAuto|GenericTimeIndependent, Cubic|TangeantAuto|GenericTimeIndependent, Cubic|TangeantAuto|GenericTimeIndependent, Cubic|TangeantAuto|GenericTimeIndependent, Cubic|TangeantAuto|GenericTimeIndependent, Cubic|TangeantAuto|GenericTimeIndependent, Cubic|TangeantAuto|GenericTimeIndependent, Cubic|TangeantAuto|GenericTimeIndependent, Cubic|TangeantAuto|GenericTimeIndependent, Cubic|TangeantAuto|GenericTimeIndependent, Cubic|TangeantAuto|GenericTimeIndependent, Cubic|TangeantAuto|GenericTimeIndependent, Cubic|TangeantAuto|GenericTimeIndependent, Cubic|TangeantAuto|GenericTimeIndependent, Cubic|TangeantAuto|GenericTimeIndependent, Cubic|TangeantAuto|GenericTimeIndependent, Cubic|TangeantAuto|GenericTimeIndependent, Cubic|TangeantAuto|GenericTimeIndependent, Cubic|TangeantAuto|GenericTimeIndependent, Cubic|TangeantAuto|GenericTimeIndependent, Cubic|TangeantAuto|GenericTimeIndependent, Cubic|TangeantAuto|GenericTimeIndependent, Cubic|TangeantAuto|GenericTimeIndependent, Cubic|TangeantAuto|GenericTimeIndependent, Cubic|TangeantAuto|GenericTimeIndependent, Cubic|TangeantAuto|GenericTimeIndependent, Cubic|TangeantAuto|GenericTimeIndependent, Cubic|TangeantAuto|GenericTimeIndependent, Cubic|TangeantAuto|GenericTimeIndependent, Cubic|TangeantAuto|GenericTimeIndependent, Cubic|TangeantAuto|GenericTimeIndependent, Cubic|TangeantAuto|GenericTimeIndependent, Cubic|TangeantAuto|GenericTimeIndependent, Cubic|TangeantAuto|GenericTimeIndependent, Cubic|TangeantAuto|GenericTimeIndependent, Cubic|TangeantAuto|GenericTimeIndependent, Cubic|TangeantAuto|GenericTimeIndependent, Cubic|TangeantAuto|GenericTimeIndependent, Cubic|TangeantAuto|GenericTimeIndependent, Cubic|TangeantAuto|GenericTimeIndependent, Cubic|TangeantAuto|GenericTimeIndependent, Cubic|TangeantAuto|GenericTimeIndependent, Cubic|TangeantAuto|GenericTimeIndependent, Cubic|TangeantAuto|GenericTimeIndependent, Cubic|TangeantAuto|GenericTimeIndependent, Cubic|TangeantAuto|GenericTimeIndependent, 
		;Cubic|TangeantAuto|GenericTimeIndependent, Cubic|TangeantAuto|GenericTimeIndependent, Cubic|TangeantAuto|GenericTimeIndependent, Cubic|TangeantAuto|GenericTimeIndependent, Cubic|TangeantAuto|GenericTimeIndependent, Cubic|TangeantAuto|GenericTimeIndependent, Cubic|TangeantAuto|GenericTimeIndependent, Cubic|TangeantAuto|GenericTimeIndependent, Cubic|TangeantAuto|GenericTimeIndependent, Cubic|TangeantAuto|GenericTimeIndependent, Cubic|TangeantAuto|GenericTimeIndependent, Cubic|TangeantAuto|GenericTimeIndependent
		KeyAttrFlags: *108 {
			a: 8456,8456,8456,8456,8456,8456,8456,8456,8456,8456,8456,8456,8456,8456,8456,8456,8456,8456,8456,8456,8456,8456,8456,8456,8456,8456,8456,8456,8456,8456,8456,8456,8456,8456,8456,8456,8456,8456,8456,8456,8456,8456,8456,8456,8456,8456,8456,8456,8456,8456,8456,8456,8456,8456,8456,8456,8456,8456,8456,8456,8456,8456,8456,8456,8456,8456,8456,8456,8456,8456,8456,8456,8456,8456,8456,8456,8456,8456,8456,8456,8456,8456,8456,8456,8456,8456,8456,8456,8456,8456,8456,8456,8456,8456,8456,8456,8456,8456,8456,8456,8456,8456,8456,8456,8456,8456,8456,8456
		} 
		;KeyAttrDataFloat: RightAuto:0, NextLeftAuto:0; RightAuto:0, NextLeftAuto:0; RightAuto:0, NextLeftAuto:0; RightAuto:0, NextLeftAuto:0; RightAuto:0, NextLeftAuto:0; RightAuto:0, NextLeftAuto:0; RightAuto:0, NextLeftAuto:0; RightAuto:0, NextLeftAuto:0; RightAuto:0, NextLeftAuto:0; RightAuto:0, NextLeftAuto:0; RightAuto:0, NextLeftAuto:0; RightAuto:0, NextLeftAuto:0; RightAuto:0, NextLeftAuto:0; RightAuto:0, NextLeftAuto:0; RightAuto:0, NextLeftAuto:0; RightAuto:0, NextLeftAuto:0; RightAuto:0, NextLeftAuto:0; RightAuto:0, NextLeftAuto:0; RightAuto:0, NextLeftAuto:0; RightAuto:0, NextLeftAuto:0; RightAuto:0, NextLeftAuto:0; RightAuto:0, NextLeftAuto:0; RightAuto:0, NextLeftAuto:0; RightAuto:0, NextLeftAuto:0; RightAuto:0, NextLeftAuto:0; RightAuto:0, NextLeftAuto:0; RightAuto:0, NextLeftAuto:0; RightAuto:0, NextLeftAuto:0; RightAuto:0, NextLeftAuto:0; RightAuto:0, NextLeftAuto:0; RightAuto:0, NextLeftAuto:0; RightAuto:0, NextLeftAuto:0; RightAuto:0, NextLeftAuto:0; RightAuto:0, NextLeftAuto:0; RightAuto:0, NextLeftAuto:0; RightAuto:0, NextLeftAuto:0; RightAuto:0, NextLeftAuto:0; RightAuto:0, NextLeftAuto:0; RightAuto:0, NextLeftAuto:0; RightAuto:0, NextLeftAuto:0; RightAuto:0, NextLeftAuto:0; RightAuto:0, NextLeftAuto:0; RightAuto:0, NextLeftAuto:0; RightAuto:0, NextLeftAuto:0; RightAuto:0, NextLeftAuto:0; RightAuto:0, NextLeftAuto:0; RightAuto:0, NextLeftAuto:0; RightAuto:0, NextLeftAuto:0; RightAuto:0, NextLeftAuto:0; RightAuto:0, NextLeftAuto:0; RightAuto:0, NextLeftAuto:0; RightAuto:0, NextLeftAuto:0; RightAuto:0, NextLeftAuto:0; RightAuto:0, NextLeftAuto:0; RightAuto:0, NextLeftAuto:0; RightAuto:0, NextLeftAuto:0; RightAuto:0, NextLeftAuto:0; RightAuto:0, NextLeftAuto:0; RightAuto:0, NextLeftAuto:0; RightAuto:0, NextLeftAuto:0; RightAuto:0, NextLeftAuto:0; RightAuto:0, NextLeftAuto:0; RightAuto:0, NextLeftAuto:0; RightAuto:0, NextLeftAuto:0; RightAuto:0, NextLeftAuto:0; RightAuto:0, NextLeftAuto:0; RightAuto:0, NextLeftAuto:0; RightAuto:0, NextLeftAuto:0; RightAuto:0, NextLeftAuto:0; RightAuto:0, NextLeftAuto:0; RightAuto:0, NextLeftAuto:0; 
